0,0,0,2.762,1,2.762,1,0,0,1
0.005047,0.005047,0.005047,2.046,0.998838,2.046,0.998838,0,0,1
0.010093,0.010093,0.010093,1.326,0.995358,1.326,0.995358,0,0,1
0.01514,0.01514,0.01514,0.603,0.989586,0.603,0.989586,0,0,1
0.020186,0.020186,0.020186,-0.125,0.981562,-0.125,0.981562,0,0,1
0.025231,0.025231,0.025231,-0.857,0.97134,-0.857,0.97134,0,0,1
0.030276,0.030276,0.030276,-1.596,0.958992,-1.596,0.958992,0,0,1
0.03532,0.03532,0.03532,-2.342,0.9446,-2.342,0.9446,0,0,0
0.040363,0.040363,0.040363,-3.097,0.928262,-3.097,0.928262,0,0,0
0.045405,0.045405,0.045405,-3.86,0.910088,-3.86,0.910088,0,0,0
0.050446,0.050446,0.050446,-4.632,0.890196,-4.632,0.890196,0,0,0
0.055486,0.055486,0.055486,-5.413,0.868715,-5.413,0.868715,0,0,0
0.060524,0.060524,0.060524,-6.206,0.845783,-6.206,0.845783,0,0,0
0.065561,0.065561,0.065561,-7.009,0.821543,-7.009,0.821543,0,0,0
0.070596,0.070596,0.070596,-7.823,0.796144,-7.823,0.796144,0,0,0
0.075629,0.075629,0.075629,-8.648,0.769737,-8.648,0.769737,0,0,0
0.08066,0.08066,0.08066,-9.484,0.742477,-9.484,0.742477,0,0,0
0.085689,0.085689,0.085689,-10.331,0.714518,-10.331,0.714518,0,0,0
0.090716,0.090716,0.090716,-11.189,0.686014,-11.189,0.686014,1,1,0
0.095741,0.095741,0.095741,-12.057,0.657117,-12.057,0.657117,1,1,0
0.100763,0.100763,0.100763,-12.936,0.627974,-12.936,0.627974,1,1,0
0.105783,0.105783,0.105783,-13.823,0.59873,-13.823,0.59873,1,1,0
0.1108,0.1108,0.1108,-14.721,0.569521,-14.721,0.569521,1,1,0
0.115814,0.115814,0.115814,-15.626,0.540478,-15.626,0.540478,1,1,0
0.120826,0.120826,0.120826,-16.539,0.511725,-16.539,0.511725,1,1,0
0.125834,0.125834,0.125834,-17.459,0.483375,-17.459,0.483375,1,1,0
0.130839,0.130839,0.130839,-18.384,0.455535,-18.384,0.455535,1,1,0
0.135841,0.135841,0.135841,-19.313,0.428301,-19.313,0.428301,1,1,0
0.140839,0.140839,0.140839,-20.248,0.40176,-20.248,0.40176,0,0,0
0.145833,0.145833,0.145833,-21.182,0.375987,-21.182,0.375987,0,0,0
0.150824,0.150824,0.150824,-22.12,0.35105,-22.12,0.35105,0,0,0
0.155811,0.155811,0.155811,-23.059,0.327006,-23.059,0.327006,0,0,0
0.160794,0.160794,0.160794,-23.995,0.303901,-23.995,0.303901,0,0,0
0.165773,0.165773,0.165773,-24.93,0.281772,-24.93,0.281772,0,0,0
0.170748,0.170748,0.170748,-25.862,0.260647,-25.862,0.260647,0,0,0
0.175719,0.175719,0.175719,-26.79,0.240546,-26.79,0.240546,0,0,0
0.180685,0.180685,0.180685,-27.714,0.221479,-27.714,0.221479,0,0,0
0.185646,0.185646,0.185646,-28.63,0.203449,-28.63,0.203449,0,0,0
0.190603,0.190603,0.190603,-29.54,0.186454,-29.54,0.186454,0,0,0
0.195554,0.195554,0.195554,-30.443,0.17048,-30.443,0.17048,0,0,0
0.200501,0.200501,0.200501,-31.337,0.155513,-31.337,0.155513,0,0,0
0.205443,0.205443,0.205443,-32.222,0.141531,-32.222,0.141531,0,0,0
0.210379,0.210379,0.210379,-33.098,0.128506,-33.098,0.128506,0,0,0
0.21531,0.21531,0.21531,-33.964,0.116409,-33.964,0.116409,0,0,0
0.220236,0.220236,0.220236,-34.819,0.105206,-34.819,0.105206,0,0,0
0.225156,0.225156,0.225156,-35.664,0.09486,-35.664,0.09486,0,0,0
0.23007,0.23007,0.23007,-36.497,0.085332,-36.497,0.085332,0,0,0
0.234979,0.234979,0.234979,-37.32,0.076583,-37.32,0.076583,0,0,0
0.239881,0.239881,0.239881,-38.132,0.068572,-38.132,0.068572,0,0,0
0.244777,0.244777,0.244777,-38.932,0.061256,-38.932,0.061256,0,0,0
0.249667,0.249667,0.249667,-39.723,0.054593,-39.723,0.054593,0,0,0
0.254551,0.254551,0.254551,-40.502,0.048542,-40.502,0.048542,0,0,0
0.259428,0.259428,0.259428,-41.272,0.043061,-41.272,0.043061,0,0,0
0.264299,0.264299,0.264299,-42.031,0.038111,-42.031,0.038111,0,0,0
0.269163,0.269163,0.269163,-42.78,0.033651,-42.78,0.033651,0,0,0
0.27402,0.27402,0.27402,-43.521,0.029644,-43.521,0.029644,0,0,0
0.27887,0.27887,0.27887,-44.253,0.026053,-44.253,0.026053,0,0,0
0.283713,0.283713,0.283713,-44.976,0.022845,-44.976,0.022845,0,0,0
0.288549,0.288549,0.288549,-45.693,0.019984,-45.693,0.019984,0,0,0
0.293377,0.293377,0.293377,-46.403,0.017442,-46.403,0.017442,0,0,0
0.298198,0.298198,0.298198,-47.106,0.015187,-47.106,0.015187,0,0,0
0.303011,0.303011,0.303011,-47.804,0.013193,-47.804,0.013193,1,1,0
0.307817,0.307817,0.307817,-48.497,0.011435,-48.497,0.011435,1,1,0
0.312615,0.312615,0.312615,-49.186,0.009887,-49.186,0.009887,1,1,0
0.317404,0.317404,0.317404,-49.873,0.00853,-49.873,0.00853,1,1,0
0.322186,0.322186,0.322186,-50.556,0.007341,-50.556,0.007341,1,1,0
0.32696,0.32696,0.32696,-51.238,0.006304,-51.238,0.006304,1,1,0
0.331725,0.331725,0.331725,-51.919,0.0054,-51.919,0.0054,1,1,0
0.336481,0.336481,0.336481,-52.6,0.004615,-52.6,0.004615,1,1,0
0.34123,0.34123,0.34123,-53.282,0.003936,-53.282,0.003936,1,1,0
0.345969,0.345969,0.345969,-53.964,0.003348,-53.964,0.003348,1,1,0
0.3507,0.3507,0.3507,-54.648,0.002842,-54.648,0.002842,0,0,0
0.355421,0.355421,0.355421,-55.336,0.002406,-55.336,0.002406,0,0,0
0.360134,0.360134,0.360134,-56.026,0.002033,-56.026,0.002033,0,0,0
0.364838,0.364838,0.364838,-56.721,0.001713,-56.721,0.001713,0,0,0
0.369532,0.369532,0.369532,-57.419,0.001441,-57.419,0.001441,0,0,0
0.374217,0.374217,0.374217,-58.122,0.001209,-58.122,0.001209,0,0,0
0.378892,0.378892,0.378892,-58.832,0.001012,-58.832,0.001012,0,0,0
0.383557,0.383557,0.383557,-59.548,0.000845,-59.548,0.000845,0,0,0
0.388213,0.388213,0.388213,-60.269,0.000704,-60.269,0.000704,0,0,0
0.392859,0.392859,0.392859,-60.997,0.000585,-60.997,0.000585,0,0,0
0.397495,0.397495,0.397495,-61.731,0.000485,-61.731,0.000485,0,0,0
0.402121,0.402121,0.402121,-62.475,0.000401,-62.475,0.000401,0,0,0
0.406737,0.406737,0.406737,-63.225,0.000331,-63.225,0.000331,0,0,0
0.411342,0.411342,0.411342,-63.983,0.000273,-63.983,0.000273,0,0,0
0.415937,0.415937,0.415937,-64.749,0.000224,-64.749,0.000224,0,0,0
0.420521,0.420521,0.420521,-65.523,0.000184,-65.523,0.000184,0,0,0
0.425094,0.425094,0.425094,-66.305,0.00015,-66.305,0.00015,0,0,0
0.429657,0.429657,0.429657,-67.096,0.000123,-67.096,0.000123,0,0,0
0.434208,0.434208,0.434208,-67.893,0.0001,-67.893,0.0001,0,0,0
0.438749,0.438749,0.438749,-68.701,8.1e-05,-68.701,8.1e-05,0,0,0
0.443279,0.443279,0.443279,-69.517,6.6e-05,-69.517,6.6e-05,0,0,0
0.447797,0.447797,0.447797,-70.341,5.3e-05,-70.341,5.3e-05,0,0,0
0.452303,0.452303,0.452303,-71.174,4.3e-05,-71.174,4.3e-05,0,0,0
0.456799,0.456799,0.456799,-72.016,3.4e-05,-72.016,3.4e-05,0,0,0
0.461282,0.461282,0.461282,-72.866,2.8e-05,-72.866,2.8e-05,0,0,0
0.465754,0.465754,0.465754,-73.725,2.2e-05,-73.725,2.2e-05,0,0,0
0.470214,0.470214,0.470214,-74.594,1.8e-05,-74.594,1.8e-05,0,0,0
0.474662,0.474662,0.474662,-75.47,1.4e-05,-75.47,1.4e-05,0,0,0
0.479098,0.479098,0.479098,-76.356,1.1e-05,-76.356,1.1e-05,0,0,0
0.483522,0.483522,0.483522,-77.251,9e-06,-77.251,9e-06,0,0,1
0.487933,0.487933,0.487933,-78.155,7e-06,-78.155,7e-06,0,0,1
0.492332,0.492332,0.492332,-79.07,6e-06,-79.07,6e-06,0,0,1
0.496718,0.496718,0.496718,-79.991,4e-06,-79.991,4e-06,1,1,1
0.501092,0.501092,0.501092,-80.923,3e-06,-80.923,3e-06,1,1,1
0.505453,0.505453,0.505453,-81.865,3e-06,-81.865,3e-06,1,1,1
0.509801,0.509801,0.509801,-82.814,2e-06,-82.814,2e-06,1,1,1
0.514137,0.514137,0.514137,-83.774,2e-06,-83.774,2e-06,1,1,0
0.518459,0.518459,0.518459,-84.743,1e-06,-84.743,1e-06,1,1,0
0.522767,0.522767,0.522767,-85.72,1e-06,-85.72,1e-06,1,1,0
0.527063,0.527063,0.527063,-86.707,1e-06,-86.707,1e-06,1,1,0
0.531345,0.531345,0.531345,-87.701,1e-06,-87.701,1e-06,1,1,0
0.535614,0.535614,0.535614,-88.705,0,-88.705,0,1,1,0
0.539869,0.539869,0.539869,-89.716,0,-89.716,0,0,0,0
0.54411,0.54411,0.54411,-90.735,0,-90.735,0,0,0,0
0.548337,0.548337,0.548337,-91.763,0,-91.763,0,0,0,0
0.552551,0.552551,0.552551,-92.798,0,-92.798,0,0,0,0
0.55675,0.55675,0.55675,-93.839,0,-93.839,0,0,0,0
0.560935,0.560935,0.560935,-94.887,0,-94.887,0,0,0,0
0.565106,0.565106,0.565106,-95.94,0,-95.94,0,0,0,0
0.569262,0.569262,0.569262,-97,0,-97,0,0,0,0
0.573404,0.573404,0.573404,-98.066,0,-98.066,0,0,0,0
0.577532,0.577532,0.577532,-99.136,0,-99.136,0,0,0,0
0.581644,0.581644,0.581644,-100.21,0,-100.21,0,0,0,0
0.585742,0.585742,0.585742,-101.289,0,-101.289,0,0,0,0
0.589825,0.589825,0.589825,-102.371,0,-102.371,0,0,0,0
0.593893,0.593893,0.593893,-103.456,0,-103.456,0,0,0,0
0.597945,0.597945,0.597945,-104.545,0,-104.545,0,0,0,0
0.601983,0.601983,0.601983,-105.637,0,-105.637,0,0,0,0
0.606005,0.606005,0.606005,-106.732,0,-106.732,0,0,0,0
0.610012,0.610012,0.610012,-107.828,0,-107.828,0,0,0,0
0.614003,0.614003,0.614003,-108.927,0,-108.927,0,0,0,0
0.617979,0.617979,0.617979,-110.029,0,-110.029,0,0,0,0
0.621938,0.621938,0.621938,-111.133,0,-111.133,0,0,0,0
0.625882,0.625882,0.625882,-112.24,0,-112.24,0,0,0,0
0.629811,0.629811,0.629811,-113.348,0,-113.348,0,0,0,0
0.633723,0.633723,0.633723,-114.458,0,-114.458,0,0,0,0
0.637618,0.637618,0.637618,-115.572,0,-115.572,0,0,0,0
0.641498,0.641498,0.641498,-116.688,0,-116.688,0,0,0,0
0.645361,0.645361,0.645361,-117.807,0,-117.807,0,1,1,0
0.649208,0.649208,0.649208,-118.931,0,-118.931,0,1,1,0
0.653038,0.653038,0.653038,-120.055,0,-120.055,0,1,1,0
0.656852,0.656852,0.656852,-121.186,0,-121.186,0,1,1,0
0.660649,0.660649,0.660649,-122.319,0,-122.319,0,1,1,0
0.664429,0.664429,0.664429,-123.457,0,-123.457,0,1,1,0
0.668192,0.668192,0.668192,-124.6,0,-124.6,0,1,1,0
0.671939,0.671939,0.671939,-125.748,0,-125.748,0,1,1,0
0.675668,0.675668,0.675668,-126.9,0,-126.9,0,1,1,0
0.67938,0.67938,0.67938,-128.06,0,-128.06,0,1,1,0
0.683074,0.683074,0.683074,-129.224,0,-129.224,0,0,0,0
0.686751,0.686751,0.686751,-130.395,0,-130.395,0,0,0,0
0.690411,0.690411,0.690411,-131.572,0,-131.572,0,0,0,0
0.694053,0.694053,0.694053,-132.756,0,-132.756,0,0,0,0
0.697677,0.697677,0.697677,-133.947,0,-133.947,0,0,0,0
0.701284,0.701284,0.701284,-135.145,0,-135.145,0,0,0,0
0.704873,0.704873,0.704873,-136.35,0,-136.35,0,0,0,0
0.708444,0.708444,0.708444,-137.563,0,-137.563,0,0,0,0
0.711997,0.711997,0.711997,-138.782,0,-138.782,0,0,0,0
0.715531,0.715531,0.715531,-140.011,0,-140.011,0,0,0,0
0.719048,0.719048,0.719048,-141.246,0,-141.246,0,0,0,0
0.722546,0.722546,0.722546,-142.487,0,-142.487,0,0,0,0
0.726025,0.726025,0.726025,-143.737,0,-143.737,0,0,0,0
0.729487,0.729487,0.729487,-144.995,0,-144.995,0,0,0,0
0.732929,0.732929,0.732929,-146.259,0,-146.259,0,0,0,0
0.736353,0.736353,0.736353,-147.531,0,-147.531,0,0,0,0
0.739758,0.739758,0.739758,-148.809,0,-148.809,0,0,0,0
0.743145,0.743145,0.743145,-150.094,0,-150.094,0,0,0,0
0.746512,0.746512,0.746512,-151.384,0,-151.384,0,0,0,0
0.749861,0.749861,0.749861,-152.681,0,-152.681,0,0,0,0
0.75319,0.75319,0.75319,-153.981,0,-153.981,0,0,0,0
0.7565,0.7565,0.7565,-155.289,0,-155.289,0,0,0,0
0.759791,0.759791,0.759791,-156.599,0,-156.599,0,0,0,0
0.763063,0.763063,0.763063,-157.913,0,-157.913,0,0,0,0
0.766315,0.766315,0.766315,-159.231,0,-159.231,0,0,0,0
0.769547,0.769547,0.769547,-160.551,0,-160.551,0,1,1,0
0.77276,0.77276,0.77276,-161.872,0,-161.872,0,1,1,0
0.775954,0.775954,0.775954,-163.195,0,-163.195,0,1,1,0
0.779127,0.779127,0.779127,-164.517,0,-164.517,0,1,1,0
0.782281,0.782281,0.782281,-165.839,0,-165.839,0,1,1,0
0.785415,0.785415,0.785415,-167.158,0,-167.158,0,1,1,0
0.788528,0.788528,0.788528,-168.476,0,-168.476,0,1,1,0
0.791622,0.791622,0.791622,-169.79,0,-169.79,0,1,1,0
0.794696,0.794696,0.794696,-171.099,0,-171.099,0,1,1,0
0.797749,0.797749,0.797749,-172.404,0,-172.404,0,1,1,0
0.800782,0.800782,0.800782,-173.702,0,-173.702,0,0,0,0
0.803794,0.803794,0.803794,-174.992,0,-174.992,0,0,0,0
0.806786,0.806786,0.806786,-176.274,0,-176.274,0,0,0,0
0.809758,0.809758,0.809758,-177.546,0,-177.546,0,0,0,0
0.812709,0.812709,0.812709,-178.807,0,-178.807,0,0,0,0
0.815639,0.815639,0.815639,-180.056,0,-180.056,0,0,0,0
0.818549,0.818549,0.818549,-181.293,0,-181.293,0,0,0,0
0.821437,0.821437,0.821437,-182.516,0,-182.516,0,0,0,0
0.824305,0.824305,0.824305,-183.725,0,-183.725,0,0,0,0
0.827151,0.827151,0.827151,-184.917,0,-184.917,0,0,0,0
0.829977,0.829977,0.829977,-186.093,0,-186.093,0,0,0,0
0.832782,0.832782,0.832782,-187.25,0,-187.25,0,0,0,0
0.835565,0.835565,0.835565,-188.389,0,-188.389,0,0,0,0
0.838327,0.838327,0.838327,-189.509,0,-189.509,0,0,0,0
0.841067,0.841067,0.841067,-190.608,0,-190.608,0,0,0,0
0.843787,0.843787,0.843787,-191.686,0,-191.686,0,0,0,0
0.846484,0.846484,0.846484,-192.743,0,-192.743,0,0,0,1
0.849161,0.849161,0.849161,-193.776,0,-193.776,0,0,0,1
0.851815,0.851815,0.851815,-194.788,0,-194.788,0,0,0,1
0.854448,0.854448,0.854448,-195.775,0,-195.775,0,0,0,1
0.857059,0.857059,0.857059,-196.739,0,-196.739,0,0,0,1
0.859648,0.859648,0.859648,-197.679,0,-197.679,0,0,0,1
0.862216,0.862216,0.862216,-198.597,0,-198.597,0,0,0,1
0.864761,0.864761,0.864761,-199.487,0,-199.487,0,0,0,0
0.867284,0.867284,0.867284,-200.355,0,-200.355,0,0,0,0
0.869786,0.869786,0.869786,-201.199,0,-201.199,0,0,0,0
0.872265,0.872265,0.872265,-202.018,0,-202.018,0,0,0,0
0.874722,0.874722,0.874722,-202.816,0,-202.816,0,0,0,0
0.877156,0.877156,0.877156,-203.589,0,-203.589,0,0,0,0
0.879569,0.879569,0.879569,-204.339,0,-204.339,0,0,0,0
0.881958,0.881958,0.881958,-205.067,0,-205.067,0,1,1,0
0.884326,0.884326,0.884326,-205.774,0,-205.774,0,1,1,0
0.886671,0.886671,0.886671,-206.46,0,-206.46,0,1,1,0
0.888993,0.888993,0.888993,-207.125,0,-207.125,0,1,1,0
0.891293,0.891293,0.891293,-207.771,0,-207.771,0,1,1,0
0.89357,0.89357,0.89357,-208.398,0,-208.398,0,1,1,0
0.895824,0.895824,0.895824,-209.006,0,-209.006,0,1,1,0
0.898055,0.898055,0.898055,-209.596,0,-209.596,0,1,1,0
0.900264,0.900264,0.900264,-210.17,0,-210.17,0,1,1,0
0.902449,0.902449,0.902449,-210.728,0,-210.728,0,1,1,0
0.904612,0.904612,0.904612,-211.269,0,-211.269,0,0,0,0
0.906752,0.906752,0.906752,-211.794,0,-211.794,0,0,0,0
0.908868,0.908868,0.908868,-212.306,0,-212.306,0,0,0,0
0.910961,0.910961,0.910961,-212.802,0,-212.802,0,0,0,0
0.913032,0.913032,0.913032,-213.283,0,-213.283,0,0,0,0
0.915078,0.915078,0.915078,-213.749,0,-213.749,0,0,0,0
0.917102,0.917102,0.917102,-214.203,0,-214.203,0,0,0,0
0.919102,0.919102,0.919102,-214.64,0,-214.64,0,0,0,0
0.921079,0.921079,0.921079,-215.065,0,-215.065,0,0,0,0
0.923032,0.923032,0.923032,-215.472,0,-215.472,0,0,0,0
0.924962,0.924962,0.924962,-215.866,0,-215.866,0,0,0,0
0.926868,0.926868,0.926868,-216.245,0,-216.245,0,0,0,0
0.928751,0.928751,0.928751,-216.607,0,-216.607,0,0,0,0
0.93061,0.93061,0.93061,-216.952,0,-216.952,0,0,0,0
0.932445,0.932445,0.932445,-217.28,0,-217.28,0,0,0,0
0.934257,0.934257,0.934257,-217.591,0,-217.591,0,0,0,0
0.936045,0.936045,0.936045,-217.883,0,-217.883,0,0,0,0
0.937809,0.937809,0.937809,-218.157,0,-218.157,0,0,0,0
0.939549,0.939549,0.939549,-218.411,0,-218.411,0,0,0,0
0.941265,0.941265,0.941265,-218.643,0,-218.643,0,0,0,0
0.942957,0.942957,0.942957,-218.857,0,-218.857,0,0,0,0
0.944625,0.944625,0.944625,-219.048,0,-219.048,0,0,0,0
0.946269,0.946269,0.946269,-219.218,0,-219.218,0,0,0,0
0.947889,0.947889,0.947889,-219.365,0,-219.365,0,0,0,0
0.949485,0.949485,0.949485,-219.488,0,-219.488,0,0,0,0
0.951057,0.951057,0.951057,-219.591,0,-219.591,0,0,0,0
0.952604,0.952604,0.952604,-219.667,0,-219.667,0,0,0,0
0.954127,0.954127,0.954127,-219.722,0,-219.722,0,0,0,0
0.955626,0.955626,0.955626,-219.751,0,-219.751,0,0,0,0
0.9571,0.9571,0.9571,-219.758,0,-219.758,0,0,0,0
0.958551,0.958551,0.958551,-219.741,0,-219.741,0,0,0,0
0.959976,0.959976,0.959976,-219.698,0,-219.698,0,0,0,0
0.961378,0.961378,0.961378,-219.631,0,-219.631,0,0,0,0
0.962754,0.962754,0.962754,-219.542,0,-219.542,0,0,0,0
0.964107,0.964107,0.964107,-219.429,0,-219.429,0,1,1,0
0.965434,0.965434,0.965434,-219.29,0,-219.29,0,1,1,0
0.966737,0.966737,0.966737,-219.131,0,-219.131,0,1,1,0
0.968016,0.968016,0.968016,-218.947,0,-218.947,0,1,1,0
0.96927,0.96927,0.96927,-218.74,0,-218.74,0,1,1,0
0.970499,0.970499,0.970499,-218.512,0,-218.512,0,1,1,0
0.971703,0.971703,0.971703,-218.26,0,-218.26,0,1,1,0
0.972883,0.972883,0.972883,-217.988,0,-217.988,0,1,1,0
0.974038,0.974038,0.974038,-217.694,0,-217.694,0,1,1,0
0.975168,0.975168,0.975168,-217.378,0,-217.378,0,1,1,0
0.976273,0.976273,0.976273,-217.042,0,-217.042,0,0,0,0
0.977354,0.977354,0.977354,-216.685,0,-216.685,0,0,0,0
0.978409,0.978409,0.978409,-216.308,0,-216.308,0,0,0,0
0.97944,0.97944,0.97944,-215.911,0,-215.911,0,0,0,0
0.980445,0.980445,0.980445,-215.494,0,-215.494,0,0,0,0
0.981426,0.981426,0.981426,-215.058,0,-215.058,0,0,0,0
0.982382,0.982382,0.982382,-214.603,0,-214.603,0,0,0,0
0.983312,0.983312,0.983312,-214.129,0,-214.129,0,0,0,0
0.984218,0.984218,0.984218,-213.637,0,-213.637,0,0,0,0
0.985098,0.985098,0.985098,-213.127,0,-213.127,0,0,0,0
0.985954,0.985954,0.985954,-212.598,0,-212.598,0,0,0,0
0.986784,0.986784,0.986784,-212.053,0,-212.053,0,0,0,0
0.987589,0.987589,0.987589,-211.489,0,-211.489,0,0,0,0
0.98837,0.98837,0.98837,-210.908,0,-210.908,0,0,0,0
0.989124,0.989124,0.989124,-210.311,0,-210.311,0,0,0,0
0.989854,0.989854,0.989854,-209.697,0,-209.697,0,0,0,0
0.990559,0.990559,0.990559,-209.065,0,-209.065,0,0,0,0
0.991238,0.991238,0.991238,-208.417,0,-208.417,0,0,0,0
0.991892,0.991892,0.991892,-207.753,0,-207.753,0,0,0,0
0.992521,0.992521,0.992521,-207.073,0,-207.073,0,0,0,0
0.993124,0.993124,0.993124,-206.376,0,-206.376,0,0,0,0
0.993702,0.993702,0.993702,-205.664,0,-205.664,0,0,0,0
0.994255,0.994255,0.994255,-204.935,0,-204.935,0,0,0,0
0.994782,0.994782,0.994782,-204.19,0,-204.19,0,0,0,0
0.995285,0.995285,0.995285,-203.43,0,-203.43,0,0,0,0
0.995762,0.995762,0.995762,-202.653,0,-202.653,0,0,0,0
0.996213,0.996213,0.996213,-201.861,0,-201.861,0,0,0,0
0.996639,0.996639,0.996639,-201.054,0,-201.054,0,0,0,0
0.99704,0.99704,0.99704,-200.231,0,-200.231,0,0,0,0
0.997415,0.997415,0.997415,-199.391,0,-199.391,0,0,0,0
0.997765,0.997765,0.997765,-198.537,0,-198.537,0,0,0,0
0.99809,0.99809,0.99809,-197.666,0,-197.666,0,0,0,0
0.998389,0.998389,0.998389,-196.781,0,-196.781,0,0,0,1
0.998662,0.998662,0.998662,-195.881,0,-195.881,0,0,0,1
0.998911,0.998911,0.998911,-194.965,0,-194.965,0,0,0,1
0.999133,0.999133,0.999133,-194.035,0,-194.035,0,0,0,1
0.999331,0.999331,0.999331,-193.09,0,-193.09,0,0,0,1
0.999503,0.999503,0.999503,-192.129,0,-192.129,0,0,0,1
0.999649,0.999649,0.999649,-191.156,0,-191.156,0,0,0,1
0.99977,0.99977,0.99977,-190.167,0,-190.167,0,0,0,0
0.999865,0.999865,0.999865,-189.165,0,-189.165,0,0,0,0
0.999936,0.999936,0.999936,-188.15,0,-188.15,0,0,0,0
0.99998,0.99998,0.99998,-187.121,0,-187.121,0,0,0,0
0.999999,0.999999,0.999999,-186.081,0,-186.081,0,0,0,0
0.999993,0.999993,0.999993,-185.028,0,-185.028,0,0,0,0
0.999961,0.999961,0.999961,-183.962,0,-183.962,0,0,0,0
0.999904,0.999904,0.999904,-182.886,0,-182.886,0,0,0,0
0.999821,0.999821,0.999821,-181.797,0,-181.797,0,0,0,0
0.999713,0.999713,0.999713,-180.698,0,-180.698,0,0,0,0
0.999579,0.999579,0.999579,-179.589,0,-179.589,0,0,0,0
0.99942,0.99942,0.99942,-178.469,0,-178.469,0,0,0,0
0.999235,0.999235,0.999235,-177.34,0,-177.34,0,0,0,0
0.999025,0.999025,0.999025,-176.204,0,-176.204,0,0,0,0
0.99879,0.99879,0.99879,-175.055,0,-175.055,0,0,0,0
0.998529,0.998529,0.998529,-173.902,0,-173.902,0,0,0,0
0.998242,0.998242,0.998242,-172.739,0,-172.739,0,0,0,0
0.997931,0.997931,0.997931,-171.569,0,-171.569,0,0,0,0
0.997593,0.997593,0.997593,-170.392,0,-170.392,0,0,0,0
0.997231,0.997231,0.997231,-169.209,0,-169.209,0,0,0,0
0.996843,0.996843,0.996843,-168.02,0,-168.02,0,0,0,0
0.996429,0.996429,0.996429,-166.826,0,-166.826,0,0,0,0
0.99599,0.99599,0.99599,-165.627,0,-165.627,0,0,0,0
0.995526,0.995526,0.995526,-164.426,0,-164.426,0,1,1,0
0.995037,0.995037,0.995037,-163.22,0,-163.22,0,1,1,0
0.994522,0.994522,0.994522,-162.011,0,-162.011,0,1,1,0
0.993982,0.993982,0.993982,-160.802,0,-160.802,0,1,1,0
0.993416,0.993416,0.993416,-159.591,0,-159.591,0,1,1,0
0.992825,0.992825,0.992825,-158.381,0,-158.381,0,1,1,0
0.992209,0.992209,0.992209,-157.17,0,-157.17,0,1,1,0
0.991568,0.991568,0.991568,-155.96,0,-155.96,0,1,1,0
0.990901,0.990901,0.990901,-154.755,0,-154.755,0,1,1,0
0.990209,0.990209,0.990209,-153.553,0,-153.553,0,1,1,0
0.989492,0.989492,0.989492,-152.355,0,-152.355,0,0,0,0
0.98875,0.98875,0.98875,-151.162,0,-151.162,0,0,0,0
0.987983,0.987983,0.987983,-149.977,0,-149.977,0,0,0,0
0.98719,0.98719,0.98719,-148.798,0,-148.798,0,0,0,0
0.986372,0.986372,0.986372,-147.629,0,-147.629,0,0,0,0
0.985529,0.985529,0.985529,-146.467,0,-146.467,0,0,0,0
0.984661,0.984661,0.984661,-145.315,0,-145.315,0,0,0,0
0.983768,0.983768,0.983768,-144.175,0,-144.175,0,0,0,0
0.98285,0.98285,0.98285,-143.045,0,-143.045,0,0,0,0
0.981907,0.981907,0.981907,-141.927,0,-141.927,0,0,0,0
0.980939,0.980939,0.980939,-140.822,0,-140.822,0,0,0,0
0.979946,0.979946,0.979946,-139.729,0,-139.729,0,0,0,0
0.978928,0.978928,0.978928,-138.648,0,-138.648,0,0,0,0
0.977885,0.977885,0.977885,-137.581,0,-137.581,0,0,0,0
0.976817,0.976817,0.976817,-136.526,0,-136.526,0,0,0,0
0.975724,0.975724,0.975724,-135.484,0,-135.484,0,0,0,0
0.974606,0.974606,0.974606,-134.456,0,-134.456,0,0,0,0
0.973464,0.973464,0.973464,-133.438,0,-133.438,0,0,0,0
0.972296,0.972296,0.972296,-132.433,0,-132.433,0,0,0,0
0.971104,0.971104,0.971104,-131.437,0,-131.437,0,0,0,0
0.969887,0.969887,0.969887,-130.453,0,-130.453,0,0,0,0
0.968646,0.968646,0.968646,-129.479,0,-129.479,0,0,0,0
0.96738,0.96738,0.96738,-128.514,0,-128.514,0,0,0,0
0.966089,0.966089,0.966089,-127.555,0,-127.555,0,0,0,0
0.964773,0.964773,0.964773,-126.605,0,-126.605,0,0,0,0
0.963434,0.963434,0.963434,-125.66,0,-125.66,0,1,1,0
0.962069,0.962069,0.962069,-124.721,0,-124.721,0,1,1,0
0.96068,0.96068,0.96068,-123.785,0,-123.785,0,1,1,0
0.959266,0.959266,0.959266,-122.853,0,-122.853,0,1,1,0
0.957829,0.957829,0.957829,-121.924,0,-121.924,0,1,1,0
0.956366,0.956366,0.956366,-120.995,0,-120.995,0,1,1,0
0.95488,0.95488,0.95488,-120.066,0,-120.066,0,1,1,0
0.953369,0.953369,0.953369,-119.139,0,-119.139,0,1,1,0
0.951833,0.951833,0.951833,-118.209,0,-118.209,0,1,1,0
0.950274,0.950274,0.950274,-117.278,0,-117.278,0,1,1,0
0.94869,0.94869,0.94869,-116.344,0,-116.344,0,0,0,0
0.947082,0.947082,0.947082,-115.407,0,-115.407,0,0,0,0
0.94545,0.94545,0.94545,-114.468,0,-114.468,0,0,0,0
0.943794,0.943794,0.943794,-113.524,0,-113.524,0,0,0,0
0.942114,0.942114,0.942114,-112.577,0,-112.577,0,0,0,0
0.94041,0.94041,0.94041,-111.626,0,-111.626,0,0,0,0
0.938682,0.938682,0.938682,-110.67,0,-110.67,0,0,0,0
0.93693,0.93693,0.93693,-109.712,0,-109.712,0,0,0,0
0.935154,0.935154,0.935154,-108.749,0,-108.749,0,0,0,0
0.933354,0.933354,0.933354,-107.783,0,-107.783,0,0,0,0
0.931531,0.931531,0.931531,-106.813,0,-106.813,0,0,0,0
0.929684,0.929684,0.929684,-105.841,0,-105.841,0,0,0,0
0.927813,0.927813,0.927813,-104.865,0,-104.865,0,0,0,0
0.925918,0.925918,0.925918,-103.889,0,-103.889,0,0,0,0
0.924,0.924,0.924,-102.91,0,-102.91,0,0,0,0
0.922059,0.922059,0.922059,-101.931,0,-101.931,0,0,0,0
0.920094,0.920094,0.920094,-100.952,0,-100.952,0,0,0,0
0.918105,0.918105,0.918105,-99.973,0,-99.973,0,0,0,0
0.916093,0.916093,0.916093,-98.996,0,-98.996,0,0,0,0
0.914058,0.914058,0.914058,-98.02,0,-98.02,0,0,0,0
0.911999,0.911999,0.911999,-97.047,0,-97.047,0,0,0,0
0.909918,0.909918,0.909918,-96.079,0,-96.079,0,0,0,0
0.907813,0.907813,0.907813,-95.113,0,-95.113,0,0,0,0
0.905685,0.905685,0.905685,-94.153,0,-94.153,0,0,0,0
0.903534,0.903534,0.903534,-93.199,0,-93.199,0,0,0,0
0.90136,0.90136,0.90136,-92.251,0,-92.251,0,1,1,1
0.899162,0.899162,0.899162,-91.309,0,-91.309,0,1,1,1
0.896942,0.896942,0.896942,-90.376,0,-90.376,0,1,1,1
0.8947,0.8947,0.8947,-89.449,0,-89.449,0,1,1,1
0.892434,0.892434,0.892434,-88.532,0,-88.532,0,1,1,1
0.890146,0.890146,0.890146,-87.621,0,-87.621,0,1,1,1
0.887835,0.887835,0.887835,-86.722,0,-86.722,0,1,1,1
0.885501,0.885501,0.885501,-85.83,0,-85.83,0,1,1,0
0.883145,0.883145,0.883145,-84.949,0,-84.949,0,1,1,0
0.880766,0.880766,0.880766,-84.077,0,-84.077,0,1,1,0
0.878365,0.878365,0.878365,-83.215,0,-83.215,0,0,0,0
0.875942,0.875942,0.875942,-82.361,0,-82.361,0,0,0,0
0.873496,0.873496,0.873496,-81.518,0,-81.518,0,0,0,0
0.871028,0.871028,0.871028,-80.683,0,-80.683,0,0,0,0
0.868538,0.868538,0.868538,-79.857,0,-79.857,0,0,0,0
0.866025,0.866025,0.866025,-79.04,0,-79.04,0,0,0,0
0.863491,0.863491,0.863491,-78.232,0,-78.232,0,0,0,0
0.860935,0.860935,0.860935,-77.43,0,-77.43,0,0,0,0
0.858356,0.858356,0.858356,-76.637,0,-76.637,0,0,0,0
0.855756,0.855756,0.855756,-75.85,0,-75.85,0,0,0,0
0.853134,0.853134,0.853134,-75.07,0,-75.07,0,0,0,0
0.850491,0.850491,0.850491,-74.296,0,-74.296,0,0,0,0
0.847825,0.847825,0.847825,-73.526,0,-73.526,0,0,0,0
0.845138,0.845138,0.845138,-72.761,0,-72.761,0,0,0,0
0.84243,0.84243,0.84243,-72,0,-72,0,0,0,0
0.8397,0.8397,0.8397,-71.244,0,-71.244,0,0,0,0
0.836948,0.836948,0.836948,-70.489,0,-70.489,0,0,0,0
0.834176,0.834176,0.834176,-69.738,0,-69.738,0,0,0,0
0.831382,0.831382,0.831382,-68.989,0,-68.989,0,0,0,0
0.828567,0.828567,0.828567,-68.24,0,-68.24,0,0,0,0
0.825731,0.825731,0.825731,-67.493,0,-67.493,0,0,0,0
0.822874,0.822874,0.822874,-66.746,0,-66.746,0,0,0,0
0.819995,0.819995,0.819995,-65.999,0,-65.999,0,0,0,0
0.817096,0.817096,0.817096,-65.252,0,-65.252,0,0,0,0
0.814177,0.814177,0.814177,-64.504,0,-64.504,0,0,0,0
0.811236,0.811236,0.811236,-63.755,0,-63.755,0,0,0,0
0.808275,0.808275,0.808275,-63.005,0,-63.005,0,0,0,0
0.805293,0.805293,0.805293,-62.254,0,-62.254,0,0,0,0
0.802291,0.802291,0.802291,-61.501,0,-61.501,0,1,1,0
0.799268,0.799268,0.799268,-60.744,0,-60.744,0,1,1,0
0.796225,0.796225,0.796225,-59.988,0,-59.988,0,1,1,0
0.793161,0.793161,0.793161,-59.228,0,-59.228,0,1,1,0
0.790078,0.790078,0.790078,-58.466,0,-58.466,0,1,1,0
0.786974,0.786974,0.786974,-57.703,0,-57.703,0,1,1,0
0.78385,0.78385,0.78385,-56.936,0,-56.936,0,1,1,0
0.780706,0.780706,0.780706,-56.169,0,-56.169,0,1,1,0
0.777543,0.777543,0.777543,-55.398,0,-55.398,0,1,1,0
0.774359,0.774359,0.774359,-54.625,0,-54.625,0,1,1,0
0.771156,0.771156,0.771156,-53.85,0,-53.85,0,0,0,0
0.767933,0.767933,0.767933,-53.074,0,-53.074,0,0,0,0
0.764691,0.764691,0.764691,-52.296,0,-52.296,0,0,0,0
0.761429,0.761429,0.761429,-51.517,0,-51.517,0,0,0,0
0.758148,0.758148,0.758148,-50.737,0,-50.737,0,0,0,0
0.754848,0.754848,0.754848,-49.955,0,-49.955,0,0,0,0
0.751528,0.751528,0.751528,-49.172,0,-49.172,0,0,0,0
0.748189,0.748189,0.748189,-48.39,0,-48.39,0,0,0,0
0.744831,0.744831,0.744831,-47.606,0,-47.606,0,0,0,0
0.741454,0.741454,0.741454,-46.823,0,-46.823,0,0,0,0
0.738058,0.738058,0.738058,-46.04,0,-46.04,0,0,0,0
0.734644,0.734644,0.734644,-45.258,0,-45.258,0,0,0,0
0.73121,0.73121,0.73121,-44.477,0,-44.477,0,0,0,0
0.727758,0.727758,0.727758,-43.697,0,-43.697,0,0,0,0
0.724288,0.724288,0.724288,-42.918,0,-42.918,0,0,0,0
0.720799,0.720799,0.720799,-42.14,0,-42.14,0,0,0,0
0.717292,0.717292,0.717292,-41.365,0,-41.365,0,0,0,0
0.713766,0.713766,0.713766,-40.592,0,-40.592,0,0,0,0
0.710222,0.710222,0.710222,-39.821,0,-39.821,0,0,0,0
0.706661,0.706661,0.706661,-39.052,0,-39.052,0,0,0,0
0.703081,0.703081,0.703081,-38.285,0,-38.285,0,0,0,0
0.699483,0.699483,0.699483,-37.521,0,-37.521,0,0,0,0
0.695867,0.695867,0.695867,-36.76,0,-36.76,0,0,0,0
0.692234,0.692234,0.692234,-36,0,-36,0,0,0,0
0.688583,0.688583,0.688583,-35.244,0,-35.244,0,0,0,0
0.684915,0.684915,0.684915,-34.489,0,-34.489,0,0,0,0
0.681229,0.681229,0.681229,-33.736,0,-33.736,0,0,0,0
0.677526,0.677526,0.677526,-32.986,0,-32.986,0,0,0,0
0.673805,0.673805,0.673805,-32.237,0,-32.237,0,0,0,0
0.670068,0.670068,0.670068,-31.488,0,-31.488,0,0,0,0
0.666313,0.666313,0.666313,-30.742,0,-30.742,0,0,0,0
0.662541,0.662541,0.662541,-29.995,0,-29.995,0,0,0,0
0.658753,0.658753,0.658753,-29.25,0,-29.25,0,0,0,0
0.654947,0.654947,0.654947,-28.503,0,-28.503,0,0,0,0
0.651125,0.651125,0.651125,-27.756,0,-27.756,0,1,1,0
0.647287,0.647287,0.647287,-27.007,0,-27.007,0,1,1,0
0.643432,0.643432,0.643432,-26.257,0,-26.257,0,1,1,0
0.63956,0.63956,0.63956,-25.505,0,-25.505,0,1,1,0
0.635672,0.635672,0.635672,-24.749,0,-24.749,0,1,1,0
0.631769,0.631769,0.631769,-23.99,0,-23.99,0,1,1,0
0.627848,0.627848,0.627848,-23.228,0,-23.228,0,1,1,0
0.623912,0.623912,0.623912,-22.461,0,-22.461,0,1,1,0
0.619961,0.619961,0.619961,-21.689,0,-21.689,0,1,1,0
0.615993,0.615993,0.615993,-20.911,0,-20.911,0,1,1,0
0.612009,0.612009,0.612009,-20.128,0,-20.128,0,0,0,0
0.60801,0.60801,0.60801,-19.34,0,-19.34,0,0,0,0
0.603996,0.603996,0.603996,-18.543,0,-18.543,0,0,0,0
0.599966,0.599966,0.599966,-17.741,0,-17.741,0,0,0,0
0.595921,0.595921,0.595921,-16.93,0,-16.93,0,0,0,0
0.591861,0.591861,0.591861,-16.112,0,-16.112,0,0,0,0
0.587785,0.587785,0.587785,-15.285,0,-15.285,0,0,0,0
0.583695,0.583695,0.583695,-14.451,0,-14.451,0,0,0,0
0.57959,0.57959,0.57959,-13.608,0,-13.608,0,0,0,1
0.57547,0.57547,0.57547,-12.756,0,-12.756,0,0,0,1
0.571335,0.571335,0.571335,-11.896,0,-11.896,0,0,0,1
0.567186,0.567186,0.567186,-11.027,0,-11.027,0,0,0,1
0.563022,0.563022,0.563022,-10.15,0,-10.15,0,0,0,1
0.558844,0.558844,0.558844,-9.264,0,-9.264,0,0,0,1
0.554652,0.554652,0.554652,-8.371,0,-8.371,0,0,0,1
0.550446,0.550446,0.550446,-7.468,0,-7.468,0,0,0,0
0.546225,0.546225,0.546225,-6.559,0,-6.559,0,0,0,0
0.541991,0.541991,0.541991,-5.642,0,-5.642,0,0,0,0
0.537743,0.537743,0.537743,-4.717,0,-4.717,0,0,0,0
0.533481,0.533481,0.533481,-3.786,0,-3.786,0,0,0,0
0.529206,0.529206,0.529206,-2.849,0,-2.849,0,0,0,0
0.524917,0.524917,0.524917,-1.906,0,-1.906,0,0,0,0
0.520615,0.520615,0.520615,-0.957,0,-0.957,0,0,0,0
0.516299,0.516299,0.516299,-0.005,0,-0.005,0,0,0,0
0.511971,0.511971,0.511971,0.953,0,0.953,0,0,0,0
0.507629,0.507629,0.507629,1.914,0,1.914,0,0,0,0
0.503274,0.503274,0.503274,2.877,0,2.877,0,0,0,0
0.498907,0.498907,0.498907,3.842,0,3.842,0,0,0,0
0.494527,0.494527,0.494527,4.811,0,4.811,0,0,0,0
0.490134,0.490134,0.490134,5.78,0,5.78,0,0,0,0
0.485729,0.485729,0.485729,6.751,0,6.751,0,0,0,0
0.481311,0.481311,0.481311,7.722,0,7.722,0,0,0,0
0.476882,0.476882,0.476882,8.693,0,8.693,0,1,1,0
0.47244,0.47244,0.47244,9.666,0,9.666,0,1,1,0
0.467986,0.467986,0.467986,10.638,0,10.638,0,1,1,0
0.46352,0.46352,0.46352,11.61,0,11.61,0,1,1,0
0.459042,0.459042,0.459042,12.582,0,12.582,0,1,1,0
0.454552,0.454552,0.454552,13.554,0,13.554,0,1,1,0
0.450051,0.450051,0.450051,14.527,0,14.527,0,1,1,0
0.445539,0.445539,0.445539,15.501,0,15.501,0,1,1,0
0.441015,0.441015,0.441015,16.476,0,16.476,0,1,1,0
0.43648,0.43648,0.43648,17.454,0,17.454,0,1,1,0
0.431934,0.431934,0.431934,18.435,0,18.435,0,0,0,0
0.427377,0.427377,0.427377,19.419,0,19.419,0,0,0,0
0.422809,0.422809,0.422809,20.407,0,20.407,0,0,0,0
0.41823,0.41823,0.41823,21.402,0,21.402,0,0,0,0
0.413641,0.413641,0.413641,22.402,0,22.402,0,0,0,0
0.409041,0.409041,0.409041,23.41,0,23.41,0,0,0,0
0.40443,0.40443,0.40443,24.427,0,24.427,0,0,0,0
0.399809,0.399809,0.399809,25.454,0,25.454,0,0,0,0
0.395179,0.395179,0.395179,26.493,0,26.493,0,0,0,0
0.390538,0.390538,0.390538,27.542,0,27.542,0,0,0,0
0.385887,0.385887,0.385887,28.606,0,28.606,0,0,0,0
0.381226,0.381226,0.381226,29.683,0,29.683,0,0,0,0
0.376555,0.376555,0.376555,30.776,0,30.776,0,0,0,0
0.371875,0.371875,0.371875,31.884,0,31.884,0,0,0,0
0.367186,0.367186,0.367186,33.009,0,33.009,0,0,0,0
0.362487,0.362487,0.362487,34.151,0,34.151,0,0,0,0
0.357779,0.357779,0.357779,35.309,0,35.309,0,0,0,0
0.353062,0.353062,0.353062,36.486,0,36.486,0,0,0,0
0.348336,0.348336,0.348336,37.679,0,37.679,0,0,0,0
0.3436,0.3436,0.3436,38.89,0,38.89,0,0,0,0
0.338857,0.338857,0.338857,40.117,0,40.117,0,0,0,0
0.334104,0.334104,0.334104,41.359,0,41.359,0,0,0,0
0.329343,0.329343,0.329343,42.618,0,42.618,0,0,0,0
0.324574,0.324574,0.324574,43.89,0,43.89,0,0,0,0
0.319796,0.319796,0.319796,45.175,0,45.175,0,0,0,0
0.31501,0.31501,0.31501,46.471,0,46.471,0,0,0,0
0.310217,0.310217,0.310217,47.775,0,47.775,0,0,0,0
0.305415,0.305415,0.305415,49.089,0,49.089,0,0,0,0
0.300606,0.300606,0.300606,50.406,0,50.406,0,0,0,0
0.295788,0.295788,0.295788,51.727,0,51.727,0,1,1,0
0.290964,0.290964,0.290964,53.049,0,53.049,0,1,1,0
0.286132,0.286132,0.286132,54.37,0,54.37,0,1,1,0
0.281292,0.281292,0.281292,55.687,0,55.687,0,1,1,0
0.276446,0.276446,0.276446,56.996,0,56.996,0,1,1,0
0.271592,0.271592,0.271592,58.296,0,58.296,0,1,1,0
0.266732,0.266732,0.266732,59.585,0,59.585,0,1,1,0
0.261864,0.261864,0.261864,60.861,0,60.861,0,1,1,0
0.256991,0.256991,0.256991,62.119,0,62.119,0,1,1,0
0.25211,0.25211,0.25211,63.359,0,63.359,0,1,1,0
0.247223,0.247223,0.247223,64.578,0,64.578,0,0,0,0
0.24233,0.24233,0.24233,65.773,0,65.773,0,0,0,0
0.237431,0.237431,0.237431,66.945,0,66.945,0,0,0,0
0.232525,0.232525,0.232525,68.09,0,68.09,0,0,0,0
0.227614,0.227614,0.227614,69.209,0,69.209,0,0,0,0
0.222697,0.222697,0.222697,70.298,0,70.298,0,0,0,0
0.217774,0.217774,0.217774,71.357,0,71.357,0,0,0,0
0.212845,0.212845,0.212845,72.388,0,72.388,0,0,0,0
0.207912,0.207912,0.207912,73.387,0,73.387,0,0,0,0
0.202973,0.202973,0.202973,74.358,0,74.358,0,0,0,0
0.198028,0.198028,0.198028,75.298,0,75.298,0,0,0,0
0.193079,0.193079,0.193079,76.21,0,76.21,0,0,0,0
0.188125,0.188125,0.188125,77.096,0,77.096,0,0,0,0
0.183166,0.183166,0.183166,77.954,0,77.954,0,0,0,0
0.178202,0.178202,0.178202,78.788,0,78.788,0,0,0,0
0.173234,0.173234,0.173234,79.6,0,79.6,0,0,0,0
0.168261,0.168261,0.168261,80.39,0,80.39,0,0,0,0
0.163284,0.163284,0.163284,81.163,0,81.163,0,0,0,0
0.158303,0.158303,0.158303,81.922,0,81.922,0,0,0,0
0.153318,0.153318,0.153318,82.667,0,82.667,0,0,0,0
0.148329,0.148329,0.148329,83.404,0,83.404,0,0,0,0
0.143337,0.143337,0.143337,84.133,0,84.133,0,0,0,0
0.13834,0.13834,0.13834,84.859,0,84.859,0,0,0,0
0.13334,0.13334,0.13334,85.585,0,85.585,0,0,0,0
0.128337,0.128337,0.128337,86.314,0,86.314,0,0,0,0
0.12333,0.12333,0.12333,87.05,0,87.05,0,0,0,0
0.11832,0.11832,0.11832,87.794,0,87.794,0,1,1,0
0.113308,0.113308,0.113308,88.551,0,88.551,0,1,1,1
0.108292,0.108292,0.108292,89.323,0,89.323,0,1,1,1
0.103274,0.103274,0.103274,90.112,0,90.112,0,1,1,1
0.098253,0.098253,0.098253,90.921,0,90.921,0,1,1,1
0.093229,0.093229,0.093229,91.753,0,91.753,0,1,1,1
0.088203,0.088203,0.088203,92.607,0,92.607,0,1,1,1
0.083175,0.083175,0.083175,93.488,0,93.488,0,1,1,1
0.078145,0.078145,0.078145,94.394,0,94.394,0,1,1,0
0.073112,0.073112,0.073112,95.326,0,95.326,0,1,1,0
0.068078,0.068078,0.068078,96.287,0,96.287,0,0,0,0
0.063042,0.063042,0.063042,97.273,0,97.273,0,0,0,0
0.058005,0.058005,0.058005,98.287,0,98.287,0,0,0,0
0.052966,0.052966,0.052966,99.327,0,99.327,0,0,0,0
0.047926,0.047926,0.047926,100.392,0,100.392,0,0,0,0
0.042884,0.042884,0.042884,101.479,0,101.479,0,0,0,0
0.037841,0.037841,0.037841,102.586,0,102.586,0,0,0,0
0.032798,0.032798,0.032798,103.713,0,103.713,0,0,0,0
0.027753,0.027753,0.027753,104.855,0,104.855,0,0,0,0
0.022708,0.022708,0.022708,106.01,0,106.01,0,0,0,0
0.017663,0.017663,0.017663,107.175,0,107.175,0,0,0,0
0.012617,0.012617,0.012617,108.345,0,108.345,0,0,0,0
0.00757,0.00757,0.00757,109.519,0,109.519,0,0,0,0
0.002523,0.002523,0.002523,110.692,0,110.692,0,0,0,0
-0.002523,-0.002523,-0.002523,111.86,0,111.86,0,0,0,0
-0.00757,-0.00757,-0.00757,113.02,0,113.02,0,0,0,0
-0.012617,-0.012617,-0.012617,114.167,0,114.167,0,0,0,0
-0.017663,-0.017663,-0.017663,115.3,0,115.3,0,0,0,0
-0.022708,-0.022708,-0.022708,116.412,0,116.412,0,0,0,0
-0.027753,-0.027753,-0.027753,117.503,0,117.503,0,0,0,0
-0.032798,-0.032798,-0.032798,118.569,0,118.569,0,0,0,0
-0.037841,-0.037841,-0.037841,119.607,0,119.607,0,0,0,0
-0.042884,-0.042884,-0.042884,120.613,0,120.613,0,0,0,0
-0.047926,-0.047926,-0.047926,121.587,0,121.587,0,0,0,0
-0.052966,-0.052966,-0.052966,122.528,0,122.528,0,0,0,0
-0.058005,-0.058005,-0.058005,123.433,0,123.433,0,0,0,0
-0.063042,-0.063042,-0.063042,124.301,0,124.301,0,0,0,0
-0.068078,-0.068078,-0.068078,125.133,0,125.133,0,0,0,0
-0.073112,-0.073112,-0.073112,125.928,0,125.928,0,0,0,0
-0.078145,-0.078145,-0.078145,126.687,0,126.687,0,0,0,0
-0.083175,-0.083175,-0.083175,127.41,0,127.41,0,1,1,0
-0.088203,-0.088203,-0.088203,128.1,0,128.1,0,1,1,0
-0.093229,-0.093229,-0.093229,128.756,0,128.756,0,1,1,0
-0.098253,-0.098253,-0.098253,129.384,0,129.384,0,1,1,0
-0.103274,-0.103274,-0.103274,129.982,0,129.982,0,1,1,0
-0.108292,-0.108292,-0.108292,130.556,0,130.556,0,1,1,0
-0.113308,-0.113308,-0.113308,131.107,0,131.107,0,1,1,0
-0.11832,-0.11832,-0.11832,131.638,0,131.638,0,1,1,0
-0.12333,-0.12333,-0.12333,132.155,0,132.155,0,1,1,0
-0.128337,-0.128337,-0.128337,132.658,0,132.658,0,1,1,0
-0.13334,-0.13334,-0.13334,133.153,0,133.153,0,0,0,0
-0.13834,-0.13834,-0.13834,133.642,0,133.642,0,0,0,0
-0.143337,-0.143337,-0.143337,134.13,0,134.13,0,0,0,0
-0.148329,-0.148329,-0.148329,134.62,0,134.62,0,0,0,0
-0.153318,-0.153318,-0.153318,135.115,0,135.115,0,0,0,0
-0.158303,-0.158303,-0.158303,135.618,0,135.618,0,0,0,0
-0.163284,-0.163284,-0.163284,136.133,0,136.133,0,0,0,0
-0.168261,-0.168261,-0.168261,136.663,0,136.663,0,0,0,0
-0.173234,-0.173234,-0.173234,137.209,0,137.209,0,0,0,0
-0.178202,-0.178202,-0.178202,137.776,0,137.776,0,0,0,0
-0.183166,-0.183166,-0.183166,138.364,0,138.364,0,0,0,0
-0.188125,-0.188125,-0.188125,138.975,0,138.975,0,0,0,0
-0.193079,-0.193079,-0.193079,139.611,0,139.611,0,0,0,0
-0.198028,-0.198028,-0.198028,140.272,0,140.272,0,0,0,0
-0.202973,-0.202973,-0.202973,140.96,0,140.96,0,0,0,0
-0.207912,-0.207912,-0.207912,141.676,0,141.676,0,0,0,0
-0.212845,-0.212845,-0.212845,142.417,0,142.417,0,0,0,0
-0.217774,-0.217774,-0.217774,143.186,0,143.186,0,0,0,0
-0.222697,-0.222697,-0.222697,143.979,0,143.979,0,0,0,0
-0.227614,-0.227614,-0.227614,144.798,0,144.798,0,0,0,0
-0.232525,-0.232525,-0.232525,145.64,0,145.64,0,0,0,0
-0.237431,-0.237431,-0.237431,146.504,0,146.504,0,0,0,0
-0.24233,-0.24233,-0.24233,147.388,0,147.388,0,0,0,0
-0.247223,-0.247223,-0.247223,148.291,0,148.291,0,0,0,0
-0.25211,-0.25211,-0.25211,149.21,0,149.21,0,0,0,0
-0.256991,-0.256991,-0.256991,150.142,0,150.142,0,0,0,0
-0.261864,-0.261864,-0.261864,151.085,0,151.085,0,0,0,0
-0.266732,-0.266732,-0.266732,152.035,0,152.035,0,0,0,0
-0.271592,-0.271592,-0.271592,152.993,0,152.993,0,0,0,0
-0.276446,-0.276446,-0.276446,153.954,0,153.954,0,0,0,0
-0.281292,-0.281292,-0.281292,154.915,0,154.915,0,0,0,0
-0.286132,-0.286132,-0.286132,155.873,0,155.873,0,0,0,0
-0.290964,-0.290964,-0.290964,156.827,0,156.827,0,0,0,0
-0.295788,-0.295788,-0.295788,157.775,0,157.775,0,0,0,0
-0.300606,-0.300606,-0.300606,158.712,0,158.712,0,0,0,0
-0.305415,-0.305415,-0.305415,159.637,0,159.637,0,1,1,0
-0.310217,-0.310217,-0.310217,160.55,0,160.55,0,1,1,0
-0.31501,-0.31501,-0.31501,161.447,0,161.447,0,1,1,0
-0.319796,-0.319796,-0.319796,162.328,0,162.328,0,1,1,0
-0.324574,-0.324574,-0.324574,163.191,0,163.191,0,1,1,0
-0.329343,-0.329343,-0.329343,164.035,0,164.035,0,1,1,0
-0.334104,-0.334104,-0.334104,164.861,0,164.861,0,1,1,0
-0.338857,-0.338857,-0.338857,165.665,0,165.665,0,1,1,0
-0.3436,-0.3436,-0.3436,166.45,0,166.45,0,1,1,0
-0.348336,-0.348336,-0.348336,167.215,0,167.215,0,1,1,0
-0.353062,-0.353062,-0.353062,167.962,0,167.962,0,0,0,0
-0.357779,-0.357779,-0.357779,168.689,0,168.689,0,0,0,0
-0.362487,-0.362487,-0.362487,169.4,0,169.4,0,0,0,0
-0.367186,-0.367186,-0.367186,170.092,0,170.092,0,0,0,0
-0.371875,-0.371875,-0.371875,170.772,0,170.772,0,0,0,0
-0.376555,-0.376555,-0.376555,171.437,0,171.437,0,0,0,0
-0.381226,-0.381226,-0.381226,172.09,0,172.09,0,0,0,1
-0.385887,-0.385887,-0.385887,172.733,0,172.733,0,0,0,1
-0.390538,-0.390538,-0.390538,173.37,0,173.37,0,0,0,1
-0.395179,-0.395179,-0.395179,174.001,0,174.001,0,0,0,1
-0.399809,-0.399809,-0.399809,174.628,0,174.628,0,0,0,1
-0.40443,-0.40443,-0.40443,175.255,0,175.255,0,0,0,1
-0.409041,-0.409041,-0.409041,175.882,0,175.882,0,0,0,1
-0.413641,-0.413641,-0.413641,176.513,0,176.513,0,0,0,0
-0.41823,-0.41823,-0.41823,177.15,0,177.15,0,0,0,0
-0.422809,-0.422809,-0.422809,177.794,0,177.794,0,0,0,0
-0.427377,-0.427377,-0.427377,178.447,0,178.447,0,0,0,0
-0.431934,-0.431934,-0.431934,179.111,0,179.111,0,0,0,0
-0.43648,-0.43648,-0.43648,179.79,0,179.79,0,0,0,0
-0.441015,-0.441015,-0.441015,180.482,0,180.482,0,0,0,0
-0.445539,-0.445539,-0.445539,181.191,0,181.191,0,0,0,0
-0.450051,-0.450051,-0.450051,181.918,0,181.918,0,0,0,0
-0.454552,-0.454552,-0.454552,182.663,0,182.663,0,0,0,0
-0.459042,-0.459042,-0.459042,183.427,0,183.427,0,0,0,0
-0.46352,-0.46352,-0.46352,184.212,0,184.212,0,0,0,0
-0.467986,-0.467986,-0.467986,185.016,0,185.016,0,0,0,0
-0.47244,-0.47244,-0.47244,185.842,0,185.842,0,0,0,0
-0.476882,-0.476882,-0.476882,186.69,0,186.69,0,0,0,0
-0.481311,-0.481311,-0.481311,187.559,0,187.559,0,0,0,0
-0.485729,-0.485729,-0.485729,188.449,0,188.449,0,0,0,0
-0.490134,-0.490134,-0.490134,189.361,0,189.361,0,0,0,0
-0.494527,-0.494527,-0.494527,190.292,0,190.292,0,1,1,0
-0.498907,-0.498907,-0.498907,191.245,0,191.245,0,1,1,0
-0.503274,-0.503274,-0.503274,192.215,0,192.215,0,1,1,0
-0.507629,-0.507629,-0.507629,193.205,0,193.205,0,1,1,0
-0.511971,-0.511971,-0.511971,194.214,0,194.214,0,1,1,0
-0.516299,-0.516299,-0.516299,195.239,0,195.239,0,1,1,0
-0.520615,-0.520615,-0.520615,196.28,0,196.28,0,1,1,0
-0.524917,-0.524917,-0.524917,197.338,0,197.338,0,1,1,0
-0.529206,-0.529206,-0.529206,198.408,0,198.408,0,1,1,0
-0.533481,-0.533481,-0.533481,199.492,0,199.492,0,1,1,0
-0.537743,-0.537743,-0.537743,200.588,0,200.588,0,0,0,0
-0.541991,-0.541991,-0.541991,201.694,0,201.694,0,0,0,0
-0.546225,-0.546225,-0.546225,202.811,0,202.811,0,0,0,0
-0.550446,-0.550446,-0.550446,203.937,0,203.937,0,0,0,0
-0.554652,-0.554652,-0.554652,205.068,0,205.068,0,0,0,0
-0.558844,-0.558844,-0.558844,206.208,0,206.208,0,0,0,0
-0.563022,-0.563022,-0.563022,207.353,0,207.353,0,0,0,0
-0.567186,-0.567186,-0.567186,208.503,0,208.503,0,0,0,0
-0.571335,-0.571335,-0.571335,209.655,0,209.655,0,0,0,0
-0.57547,-0.57547,-0.57547,210.81,0,210.81,0,0,0,0
-0.57959,-0.57959,-0.57959,211.968,0,211.968,0,0,0,0
-0.583695,-0.583695,-0.583695,213.125,0,213.125,0,0,0,0
-0.587785,-0.587785,-0.587785,214.282,0,214.282,0,0,0,0
-0.591861,-0.591861,-0.591861,215.439,0,215.439,0,0,0,0
-0.595921,-0.595921,-0.595921,216.594,0,216.594,0,0,0,0
-0.599966,-0.599966,-0.599966,217.748,0,217.748,0,0,0,0
-0.603996,-0.603996,-0.603996,218.898,0,218.898,0,0,0,0
-0.60801,-0.60801,-0.60801,220.045,0,220.045,0,0,0,0
-0.612009,-0.612009,-0.612009,221.189,0,221.189,0,0,0,0
-0.615993,-0.615993,-0.615993,222.33,0,222.33,0,0,0,0
-0.619961,-0.619961,-0.619961,223.465,0,223.465,0,0,0,0
-0.623912,-0.623912,-0.623912,224.597,0,224.597,0,0,0,0
-0.627848,-0.627848,-0.627848,225.724,0,225.724,0,0,0,0
-0.631769,-0.631769,-0.631769,226.847,0,226.847,0,0,0,0
-0.635672,-0.635672,-0.635672,227.965,0,227.965,0,0,0,0
-0.63956,-0.63956,-0.63956,229.079,0,229.079,0,0,0,0
-0.643432,-0.643432,-0.643432,230.188,0,230.188,0,0,0,0
-0.647287,-0.647287,-0.647287,231.295,0,231.295,0,1,1,0
-0.651125,-0.651125,-0.651125,232.396,0,232.396,0,1,1,0
-0.654947,-0.654947,-0.654947,233.495,0,233.495,0,1,1,0
-0.658753,-0.658753,-0.658753,234.59,0,234.59,0,1,1,0
-0.662541,-0.662541,-0.662541,235.682,0,235.682,0,1,1,0
-0.666313,-0.666313,-0.666313,236.773,0,236.773,0,1,1,0
-0.670068,-0.670068,-0.670068,237.861,0,237.861,0,1,1,0
-0.673805,-0.673805,-0.673805,238.947,0,238.947,0,1,1,0
-0.677526,-0.677526,-0.677526,240.033,0,240.033,0,1,1,0
-0.681229,-0.681229,-0.681229,241.119,0,241.119,0,1,1,0
-0.684915,-0.684915,-0.684915,242.205,0,242.205,0,0,0,0
-0.688583,-0.688583,-0.688583,243.292,0,243.292,0,0,0,0
-0.692234,-0.692234,-0.692234,244.379,0,244.379,0,0,0,0
-0.695867,-0.695867,-0.695867,245.47,0,245.47,0,0,0,0
-0.699483,-0.699483,-0.699483,246.563,0,246.563,0,0,0,0
-0.703081,-0.703081,-0.703081,247.658,0,247.658,0,0,0,0
-0.706661,-0.706661,-0.706661,248.759,0,248.759,0,0,0,0
-0.710222,-0.710222,-0.710222,249.865,0,249.865,0,0,0,0
-0.713766,-0.713766,-0.713766,250.975,0,250.975,0,0,0,0
-0.717292,-0.717292,-0.717292,252.092,0,252.092,0,0,0,0
-0.720799,-0.720799,-0.720799,253.216,0,253.216,0,0,0,0
-0.724288,-0.724288,-0.724288,254.347,0,254.347,0,0,0,0
-0.727758,-0.727758,-0.727758,255.489,0,255.489,0,0,0,0
-0.73121,-0.73121,-0.73121,256.636,0,256.636,0,0,0,0
-0.734644,-0.734644,-0.734644,257.795,0,257.795,0,0,0,0
-0.738058,-0.738058,-0.738058,258.963,0,258.963,0,0,0,0
-0.741454,-0.741454,-0.741454,260.143,0,260.143,0,0,0,0
-0.744831,-0.744831,-0.744831,261.334,0,261.334,0,0,0,0
-0.748189,-0.748189,-0.748189,262.536,0,262.536,0,0,0,0
-0.751528,-0.751528,-0.751528,263.75,0,263.75,0,0,0,0
-0.754848,-0.754848,-0.754848,264.977,0,264.977,0,0,0,0
-0.758148,-0.758148,-0.758148,266.217,0,266.217,0,0,0,0
-0.761429,-0.761429,-0.761429,267.469,0,267.469,0,0,0,0
-0.764691,-0.764691,-0.764691,268.734,0,268.734,0,0,0,0
-0.767933,-0.767933,-0.767933,270.01,0,270.01,0,1,1,0
-0.771156,-0.771156,-0.771156,271.301,0,271.301,0,1,1,0
-0.774359,-0.774359,-0.774359,272.603,0,272.603,0,1,1,0
-0.777543,-0.777543,-0.777543,273.915,0,273.915,0,1,1,0
-0.780706,-0.780706,-0.780706,275.241,0,275.241,0,1,1,1
-0.78385,-0.78385,-0.78385,276.575,0,276.575,0,1,1,1
-0.786974,-0.786974,-0.786974,277.919,0,277.919,0,1,1,1
-0.790078,-0.790078,-0.790078,279.273,0,279.273,0,1,1,1
-0.793161,-0.793161,-0.793161,280.632,0,280.632,0,1,1,1
-0.796225,-0.796225,-0.796225,281.999,0,281.999,0,1,1,1
-0.799268,-0.799268,-0.799268,283.371,0,283.371,0,0,0,1
-0.802291,-0.802291,-0.802291,284.747,0,284.747,0,0,0,0
-0.805293,-0.805293,-0.805293,286.125,0,286.125,0,0,0,0
-0.808275,-0.808275,-0.808275,287.504,0,287.504,0,0,0,0
-0.811236,-0.811236,-0.811236,288.883,0,288.883,0,0,0,0
-0.814177,-0.814177,-0.814177,290.26,0,290.26,0,0,0,0
-0.817096,-0.817096,-0.817096,291.633,0,291.633,0,0,0,0
-0.819995,-0.819995,-0.819995,293.002,0,293.002,0,0,0,0
-0.822874,-0.822874,-0.822874,294.365,0,294.365,0,0,0,0
-0.825731,-0.825731,-0.825731,295.719,0,295.719,0,0,0,0
-0.828567,-0.828567,-0.828567,297.066,0,297.066,0,0,0,0
-0.831382,-0.831382,-0.831382,298.399,0,298.399,0,0,0,0
-0.834176,-0.834176,-0.834176,299.722,0,299.722,0,0,0,0
-0.836948,-0.836948,-0.836948,301.031,0,301.031,0,0,0,0
-0.8397,-0.8397,-0.8397,302.326,0,302.326,0,0,0,0
-0.84243,-0.84243,-0.84243,303.605,0,303.605,0,0,0,0
-0.845138,-0.845138,-0.845138,304.868,0,304.868,0,0,0,0
-0.847825,-0.847825,-0.847825,306.112,0,306.112,0,0,0,0
-0.850491,-0.850491,-0.850491,307.338,0,307.338,0,0,0,0
-0.853134,-0.853134,-0.853134,308.542,0,308.542,0,0,0,0
-0.855756,-0.855756,-0.855756,309.726,0,309.726,0,0,0,0
-0.858356,-0.858356,-0.858356,310.89,0,310.89,0,0,0,0
-0.860935,-0.860935,-0.860935,312.029,0,312.029,0,0,0,0
-0.863491,-0.863491,-0.863491,313.145,0,313.145,0,0,0,0
-0.866025,-0.866025,-0.866025,314.238,0,314.238,0,0,0,0
-0.868538,-0.868538,-0.868538,315.305,0,315.305,0,0,0,0
-0.871028,-0.871028,-0.871028,316.348,0,316.348,0,0,0,0
-0.873496,-0.873496,-0.873496,317.364,0,317.364,0,0,0,0
-0.875942,-0.875942,-0.875942,318.352,0,318.352,0,0,0,0
-0.878365,-0.878365,-0.878365,319.315,0,319.315,0,0,0,0
-0.880766,-0.880766,-0.880766,320.249,0,320.249,0,1,1,0
-0.883145,-0.883145,-0.883145,321.154,0,321.154,0,1,1,0
-0.885501,-0.885501,-0.885501,322.03,0,322.03,0,1,1,0
-0.887835,-0.887835,-0.887835,322.876,0,322.876,0,1,1,0
-0.890146,-0.890146,-0.890146,323.694,0,323.694,0,1,1,0
-0.892434,-0.892434,-0.892434,324.481,0,324.481,0,1,1,0
-0.8947,-0.8947,-0.8947,325.237,0,325.237,0,1,1,0
-0.896942,-0.896942,-0.896942,325.961,0,325.961,0,1,1,0
-0.899162,-0.899162,-0.899162,326.654,0,326.654,0,1,1,0
-0.90136,-0.90136,-0.90136,327.315,0,327.315,0,1,1,0
-0.903534,-0.903534,-0.903534,327.945,0,327.945,0,0,0,0
-0.905685,-0.905685,-0.905685,328.542,0,328.542,0,0,0,0
-0.907813,-0.907813,-0.907813,329.106,0,329.106,0,0,0,0
-0.909918,-0.909918,-0.909918,329.639,0,329.639,0,0,0,0
-0.911999,-0.911999,-0.911999,330.138,0,330.138,0,0,0,0
-0.914058,-0.914058,-0.914058,330.606,0,330.606,0,0,0,0
-0.916093,-0.916093,-0.916093,331.042,0,331.042,0,0,0,0
-0.918105,-0.918105,-0.918105,331.444,0,331.444,0,0,0,0
-0.920094,-0.920094,-0.920094,331.816,0,331.816,0,0,0,0
-0.922059,-0.922059,-0.922059,332.155,0,332.155,0,0,0,0
-0.924,-0.924,-0.924,332.464,0,332.464,0,0,0,0
-0.925918,-0.925918,-0.925918,332.742,0,332.742,0,0,0,0
-0.927813,-0.927813,-0.927813,332.99,0,332.99,0,0,0,0
-0.929684,-0.929684,-0.929684,333.207,0,333.207,0,0,0,0
-0.931531,-0.931531,-0.931531,333.395,0,333.395,0,0,0,0
-0.933354,-0.933354,-0.933354,333.555,0,333.555,0,0,0,0
-0.935154,-0.935154,-0.935154,333.686,0,333.686,0,0,0,0
-0.93693,-0.93693,-0.93693,333.789,0,333.789,0,0,0,0
-0.938682,-0.938682,-0.938682,333.865,0,333.865,0,0,0,0
-0.94041,-0.94041,-0.94041,333.915,0,333.915,0,0,0,0
-0.942114,-0.942114,-0.942114,333.94,0,333.94,0,0,0,0
-0.943794,-0.943794,-0.943794,333.939,0,333.939,0,0,0,0
-0.94545,-0.94545,-0.94545,333.914,0,333.914,0,0,0,0
-0.947082,-0.947082,-0.947082,333.865,0,333.865,0,0,0,0
-0.94869,-0.94869,-0.94869,333.793,0,333.793,0,0,0,0
-0.950274,-0.950274,-0.950274,333.698,0,333.698,0,0,0,0
-0.951833,-0.951833,-0.951833,333.581,0,333.581,0,0,0,0
-0.953369,-0.953369,-0.953369,333.443,0,333.443,0,0,0,0
-0.95488,-0.95488,-0.95488,333.284,0,333.284,0,0,0,0
-0.956366,-0.956366,-0.956366,333.105,0,333.105,0,0,0,0
-0.957829,-0.957829,-0.957829,332.906,0,332.906,0,1,1,0
-0.959266,-0.959266,-0.959266,332.688,0,332.688,0,1,1,0
-0.96068,-0.96068,-0.96068,332.452,0,332.452,0,1,1,0
-0.962069,-0.962069,-0.962069,332.196,0,332.196,0,1,1,0
-0.963434,-0.963434,-0.963434,331.923,0,331.923,0,1,1,0
-0.964773,-0.964773,-0.964773,331.632,0,331.632,0,1,1,0
-0.966089,-0.966089,-0.966089,331.325,0,331.325,0,1,1,0
-0.96738,-0.96738,-0.96738,330.999,0,330.999,0,1,1,0
-0.968646,-0.968646,-0.968646,330.658,0,330.658,0,1,1,0
-0.969887,-0.969887,-0.969887,330.3,0,330.3,0,1,1,0
-0.971104,-0.971104,-0.971104,329.927,0,329.927,0,0,0,0
-0.972296,-0.972296,-0.972296,329.537,0,329.537,0,0,0,0
-0.973464,-0.973464,-0.973464,329.131,0,329.131,0,0,0,0
-0.974606,-0.974606,-0.974606,328.71,0,328.71,0,0,0,0
-0.975724,-0.975724,-0.975724,328.275,0,328.275,0,0,0,0
-0.976817,-0.976817,-0.976817,327.823,0,327.823,0,0,0,0
-0.977885,-0.977885,-0.977885,327.357,0,327.357,0,0,0,0
-0.978928,-0.978928,-0.978928,326.875,0,326.875,0,0,0,0
-0.979946,-0.979946,-0.979946,326.379,0,326.379,0,0,0,0
-0.980939,-0.980939,-0.980939,325.869,0,325.869,0,0,0,0
-0.981907,-0.981907,-0.981907,325.344,0,325.344,0,0,0,0
-0.98285,-0.98285,-0.98285,324.804,0,324.804,0,0,0,0
-0.983768,-0.983768,-0.983768,324.251,0,324.251,0,0,0,0
-0.984661,-0.984661,-0.984661,323.683,0,323.683,0,0,0,0
-0.985529,-0.985529,-0.985529,323.103,0,323.103,0,0,0,1
-0.986372,-0.986372,-0.986372,322.509,0,322.509,0,0,0,1
-0.98719,-0.98719,-0.98719,321.9,0,321.9,0,0,0,1
-0.987983,-0.987983,-0.987983,321.281,0,321.281,0,0,0,1
-0.98875,-0.98875,-0.98875,320.647,0,320.647,0,0,0,1
-0.989492,-0.989492,-0.989492,320.002,0,320.002,0,0,0,1
-0.990209,-0.990209,-0.990209,319.344,0,319.344,0,0,0,1
-0.990901,-0.990901,-0.990901,318.674,0,318.674,0,0,0,0
-0.991568,-0.991568,-0.991568,317.995,0,317.995,0,0,0,0
-0.992209,-0.992209,-0.992209,317.304,0,317.304,0,0,0,0
-0.992825,-0.992825,-0.992825,316.602,0,316.602,0,0,0,0
-0.993416,-0.993416,-0.993416,315.889,0,315.889,0,0,0,0
-0.993982,-0.993982,-0.993982,315.168,0,315.168,0,0,0,0
-0.994522,-0.994522,-0.994522,314.436,0,314.436,0,0,0,0
-0.995037,-0.995037,-0.995037,313.696,0,313.696,0,0,0,0
-0.995526,-0.995526,-0.995526,312.944,0,312.944,0,0,0,0
-0.99599,-0.99599,-0.99599,312.185,0,312.185,0,0,0,0
-0.996429,-0.996429,-0.996429,311.417,0,311.417,0,0,0,0
-0.996843,-0.996843,-0.996843,310.64,0,310.64,0,0,0,0
-0.997231,-0.997231,-0.997231,309.854,0,309.854,0,0,0,0
-0.997593,-0.997593,-0.997593,309.059,0,309.059,0,0,0,0
-0.997931,-0.997931,-0.997931,308.256,0,308.256,0,0,0,0
-0.998242,-0.998242,-0.998242,307.443,0,307.443,0,0,0,0
-0.998529,-0.998529,-0.998529,306.621,0,306.621,0,0,0,0
-0.99879,-0.99879,-0.99879,305.789,0,305.789,0,0,0,0
-0.999025,-0.999025,-0.999025,304.947,0,304.947,0,0,0,0
-0.999235,-0.999235,-0.999235,304.094,0,304.094,0,0,0,0
-0.99942,-0.99942,-0.99942,303.23,0,303.23,0,0,0,0
-0.999579,-0.999579,-0.999579,302.354,0,302.354,0,0,0,0
-0.999713,-0.999713,-0.999713,301.467,0,301.467,0,0,0,0
-0.999821,-0.999821,-0.999821,300.567,0,300.567,0,0,0,0
-0.999904,-0.999904,-0.999904,299.653,0,299.653,0,0,0,0
-0.999961,-0.999961,-0.999961,298.725,0,298.725,0,0,0,0
-0.999993,-0.999993,-0.999993,297.782,0,297.782,0,0,0,0
-0.999999,-0.999999,-0.999999,296.825,0,296.825,0,0,0,0
-0.99998,-0.99998,-0.99998,295.851,0,295.851,0,0,0,0
-0.999936,-0.999936,-0.999936,294.861,0,294.861,0,0,0,0
-0.999865,-0.999865,-0.999865,293.855,0,293.855,0,0,0,0
-0.99977,-0.99977,-0.99977,292.83,0,292.83,0,0,0,0
-0.999649,-0.999649,-0.999649,291.789,0,291.789,0,0,0,0
-0.999503,-0.999503,-0.999503,290.728,0,290.728,0,0,0,0
-0.999331,-0.999331,-0.999331,289.65,0,289.65,0,0,0,0
-0.999133,-0.999133,-0.999133,288.554,0,288.554,0,0,0,0
-0.998911,-0.998911,-0.998911,287.438,0,287.438,0,0,0,0
-0.998662,-0.998662,-0.998662,286.305,0,286.305,0,0,0,0
-0.998389,-0.998389,-0.998389,285.154,0,285.154,0,0,0,0
-0.99809,-0.99809,-0.99809,283.984,0,283.984,0,0,0,0
-0.997765,-0.997765,-0.997765,282.797,0,282.797,0,0,0,0
-0.997415,-0.997415,-0.997415,281.594,0,281.594,0,0,0,0
-0.99704,-0.99704,-0.99704,280.374,0,280.374,0,0,0,0
-0.996639,-0.996639,-0.996639,279.139,0,279.139,0,0,0,0
-0.996213,-0.996213,-0.996213,277.889,0,277.889,0,0,0,0
-0.995762,-0.995762,-0.995762,276.627,0,276.627,0,0,0,0
-0.995285,-0.995285,-0.995285,275.352,0,275.352,0,1,1,0
-0.994782,-0.994782,-0.994782,274.066,0,274.066,0,1,1,0
-0.994255,-0.994255,-0.994255,272.77,0,272.77,0,1,1,0
-0.993702,-0.993702,-0.993702,271.466,0,271.466,0,1,1,0
-0.993124,-0.993124,-0.993124,270.155,0,270.155,0,1,1,0
-0.992521,-0.992521,-0.992521,268.839,0,268.839,0,1,1,0
-0.991892,-0.991892,-0.991892,267.519,0,267.519,0,1,1,0
-0.991238,-0.991238,-0.991238,266.196,0,266.196,0,1,1,0
-0.990559,-0.990559,-0.990559,264.873,0,264.873,0,1,1,0
-0.989854,-0.989854,-0.989854,263.551,0,263.551,0,1,1,0
-0.989124,-0.989124,-0.989124,262.232,0,262.232,0,0,0,0
-0.98837,-0.98837,-0.98837,260.917,0,260.917,0,0,0,0
-0.987589,-0.987589,-0.987589,259.608,0,259.608,0,0,0,0
-0.986784,-0.986784,-0.986784,258.307,0,258.307,0,0,0,0
-0.985954,-0.985954,-0.985954,257.013,0,257.013,0,0,0,0
-0.985098,-0.985098,-0.985098,255.731,0,255.731,0,0,0,0
-0.984218,-0.984218,-0.984218,254.46,0,254.46,0,0,0,0
-0.983312,-0.983312,-0.983312,253.203,0,253.203,0,0,0,0
-0.982382,-0.982382,-0.982382,251.958,0,251.958,0,0,0,0
-0.981426,-0.981426,-0.981426,250.731,0,250.731,0,0,0,0
-0.980445,-0.980445,-0.980445,249.518,0,249.518,0,0,0,0
-0.97944,-0.97944,-0.97944,248.324,0,248.324,0,0,0,0
-0.978409,-0.978409,-0.978409,247.146,0,247.146,0,0,0,0
-0.977354,-0.977354,-0.977354,245.987,0,245.987,0,0,0,0
-0.976273,-0.976273,-0.976273,244.847,0,244.847,0,0,0,0
-0.975168,-0.975168,-0.975168,243.728,0,243.728,0,0,0,0
-0.974038,-0.974038,-0.974038,242.628,0,242.628,0,0,0,0
-0.972883,-0.972883,-0.972883,241.547,0,241.547,0,0,0,0
-0.971703,-0.971703,-0.971703,240.487,0,240.487,0,0,0,0
-0.970499,-0.970499,-0.970499,239.448,0,239.448,0,0,0,0
-0.96927,-0.96927,-0.96927,238.427,0,238.427,0,0,0,0
-0.968016,-0.968016,-0.968016,237.427,0,237.427,0,0,0,0
-0.966737,-0.966737,-0.966737,236.448,0,236.448,0,0,0,0
-0.965434,-0.965434,-0.965434,235.487,0,235.487,0,0,0,0
-0.964107,-0.964107,-0.964107,234.543,0,234.543,0,1,1,0
-0.962754,-0.962754,-0.962754,233.62,0,233.62,0,1,1,0
-0.961378,-0.961378,-0.961378,232.714,0,232.714,0,1,1,0
-0.959976,-0.959976,-0.959976,231.826,0,231.826,0,1,1,0
-0.958551,-0.958551,-0.958551,230.954,0,230.954,0,1,1,0
-0.9571,-0.9571,-0.9571,230.099,0,230.099,0,1,1,0
-0.955626,-0.955626,-0.955626,229.26,0,229.26,0,1,1,0
-0.954127,-0.954127,-0.954127,228.436,0,228.436,0,1,1,0
-0.952604,-0.952604,-0.952604,227.626,0,227.626,0,1,1,0
-0.951057,-0.951057,-0.951057,226.831,0,226.831,0,1,1,0
-0.949485,-0.949485,-0.949485,226.049,0,226.049,0,0,0,0
-0.947889,-0.947889,-0.947889,225.279,0,225.279,0,0,0,0
-0.946269,-0.946269,-0.946269,224.521,0,224.521,0,0,0,0
-0.944625,-0.944625,-0.944625,223.775,0,223.775,0,0,0,1
-0.942957,-0.942957,-0.942957,223.039,0,223.039,0,0,0,1
-0.941265,-0.941265,-0.941265,222.313,0,222.313,0,0,0,1
-0.939549,-0.939549,-0.939549,221.597,0,221.597,0,0,0,1
-0.937809,-0.937809,-0.937809,220.889,0,220.889,0,0,0,1
-0.936045,-0.936045,-0.936045,220.187,0,220.187,0,0,0,1
-0.934257,-0.934257,-0.934257,219.494,0,219.494,0,0,0,1
-0.932445,-0.932445,-0.932445,218.807,0,218.807,0,0,0,0
-0.93061,-0.93061,-0.93061,218.125,0,218.125,0,0,0,0
-0.928751,-0.928751,-0.928751,217.446,0,217.446,0,0,0,0
-0.926868,-0.926868,-0.926868,216.773,0,216.773,0,0,0,0
-0.924962,-0.924962,-0.924962,216.102,0,216.102,0,0,0,0
-0.923032,-0.923032,-0.923032,215.432,0,215.432,0,0,0,0
-0.921079,-0.921079,-0.921079,214.764,0,214.764,0,0,0,0
-0.919102,-0.919102,-0.919102,214.096,0,214.096,0,0,0,0
-0.917102,-0.917102,-0.917102,213.427,0,213.427,0,0,0,0
-0.915078,-0.915078,-0.915078,212.757,0,212.757,0,0,0,0
-0.913032,-0.913032,-0.913032,212.084,0,212.084,0,0,0,0
-0.910961,-0.910961,-0.910961,211.408,0,211.408,0,0,0,0
-0.908868,-0.908868,-0.908868,210.728,0,210.728,0,0,0,0
-0.906752,-0.906752,-0.906752,210.043,0,210.043,0,0,0,0
-0.904612,-0.904612,-0.904612,209.355,0,209.355,0,0,0,0
-0.902449,-0.902449,-0.902449,208.658,0,208.658,0,1,1,0
-0.900264,-0.900264,-0.900264,207.956,0,207.956,0,1,1,0
-0.898055,-0.898055,-0.898055,207.248,0,207.248,0,1,1,0
-0.895824,-0.895824,-0.895824,206.53,0,206.53,0,1,1,0
-0.89357,-0.89357,-0.89357,205.808,0,205.808,0,1,1,0
-0.891293,-0.891293,-0.891293,205.077,0,205.077,0,1,1,0
-0.888993,-0.888993,-0.888993,204.337,0,204.337,0,1,1,0
-0.886671,-0.886671,-0.886671,203.591,0,203.591,0,1,1,0
-0.884326,-0.884326,-0.884326,202.837,0,202.837,0,1,1,0
-0.881958,-0.881958,-0.881958,202.077,0,202.077,0,1,1,0
-0.879569,-0.879569,-0.879569,201.309,0,201.309,0,0,0,0
-0.877156,-0.877156,-0.877156,200.534,0,200.534,0,0,0,0
-0.874722,-0.874722,-0.874722,199.753,0,199.753,0,0,0,0
-0.872265,-0.872265,-0.872265,198.967,0,198.967,0,0,0,0
-0.869786,-0.869786,-0.869786,198.174,0,198.174,0,0,0,0
-0.867284,-0.867284,-0.867284,197.378,0,197.378,0,0,0,0
-0.864761,-0.864761,-0.864761,196.577,0,196.577,0,0,0,0
-0.862216,-0.862216,-0.862216,195.773,0,195.773,0,0,0,0
-0.859648,-0.859648,-0.859648,194.967,0,194.967,0,0,0,0
-0.857059,-0.857059,-0.857059,194.158,0,194.158,0,0,0,0
-0.854448,-0.854448,-0.854448,193.348,0,193.348,0,0,0,0
-0.851815,-0.851815,-0.851815,192.537,0,192.537,0,0,0,0
-0.849161,-0.849161,-0.849161,191.725,0,191.725,0,0,0,0
-0.846484,-0.846484,-0.846484,190.915,0,190.915,0,0,0,0
-0.843787,-0.843787,-0.843787,190.104,0,190.104,0,0,0,0
-0.841067,-0.841067,-0.841067,189.295,0,189.295,0,0,0,0
-0.838327,-0.838327,-0.838327,188.488,0,188.488,0,0,0,0
-0.835565,-0.835565,-0.835565,187.683,0,187.683,0,0,0,0
-0.832782,-0.832782,-0.832782,186.88,0,186.88,0,0,0,0
-0.829977,-0.829977,-0.829977,186.078,0,186.078,0,0,0,0
-0.827151,-0.827151,-0.827151,185.28,0,185.28,0,0,0,0
-0.824305,-0.824305,-0.824305,184.485,0,184.485,0,0,0,0
-0.821437,-0.821437,-0.821437,183.692,0,183.692,0,0,0,0
-0.818549,-0.818549,-0.818549,182.901,0,182.901,0,0,0,0
-0.815639,-0.815639,-0.815639,182.114,0,182.114,0,0,0,0
-0.812709,-0.812709,-0.812709,181.327,0,181.327,0,0,0,0
-0.809758,-0.809758,-0.809758,180.544,0,180.544,0,0,0,0
-0.806786,-0.806786,-0.806786,179.762,0,179.762,0,0,0,0
-0.803794,-0.803794,-0.803794,178.981,0,178.981,0,0,0,0
-0.800782,-0.800782,-0.800782,178.201,0,178.201,0,1,1,0
-0.797749,-0.797749,-0.797749,177.422,0,177.422,0,1,1,0
-0.794696,-0.794696,-0.794696,176.642,0,176.642,0,1,1,0
-0.791622,-0.791622,-0.791622,175.862,0,175.862,0,1,1,0
-0.788528,-0.788528,-0.788528,175.081,0,175.081,0,1,1,0
-0.785415,-0.785415,-0.785415,174.298,0,174.298,0,1,1,0
-0.782281,-0.782281,-0.782281,173.512,0,173.512,0,1,1,0
-0.779127,-0.779127,-0.779127,172.725,0,172.725,0,1,1,0
-0.775954,-0.775954,-0.775954,171.933,0,171.933,0,1,1,0
-0.77276,-0.77276,-0.77276,171.137,0,171.137,0,1,1,0
-0.769547,-0.769547,-0.769547,170.337,0,170.337,0,0,0,0
-0.766315,-0.766315,-0.766315,169.531,0,169.531,0,0,0,0
-0.763063,-0.763063,-0.763063,168.719,0,168.719,0,0,0,0
-0.759791,-0.759791,-0.759791,167.901,0,167.901,0,0,0,0
-0.7565,-0.7565,-0.7565,167.077,0,167.077,0,0,0,0
-0.75319,-0.75319,-0.75319,166.246,0,166.246,0,0,0,0
-0.749861,-0.749861,-0.749861,165.406,0,165.406,0,0,0,0
-0.746512,-0.746512,-0.746512,164.558,0,164.558,0,0,0,0
-0.743145,-0.743145,-0.743145,163.703,0,163.703,0,0,0,0
-0.739758,-0.739758,-0.739758,162.839,0,162.839,0,0,0,0
-0.736353,-0.736353,-0.736353,161.966,0,161.966,0,0,0,0
-0.732929,-0.732929,-0.732929,161.086,0,161.086,0,0,0,0
-0.729487,-0.729487,-0.729487,160.196,0,160.196,0,0,0,0
-0.726025,-0.726025,-0.726025,159.297,0,159.297,0,0,0,0
-0.722546,-0.722546,-0.722546,158.39,0,158.39,0,0,0,0
-0.719048,-0.719048,-0.719048,157.476,0,157.476,0,0,0,0
-0.715531,-0.715531,-0.715531,156.552,0,156.552,0,0,0,0
-0.711997,-0.711997,-0.711997,155.621,0,155.621,0,0,0,0
-0.708444,-0.708444,-0.708444,154.683,0,154.683,0,0,0,0
-0.704873,-0.704873,-0.704873,153.737,0,153.737,0,0,0,0
-0.701284,-0.701284,-0.701284,152.784,0,152.784,0,0,0,0
-0.697677,-0.697677,-0.697677,151.827,0,151.827,0,0,0,0
-0.694053,-0.694053,-0.694053,150.863,0,150.863,0,0,0,0
-0.690411,-0.690411,-0.690411,149.896,0,149.896,0,0,0,0
-0.686751,-0.686751,-0.686751,148.923,0,148.923,0,0,0,0
-0.683074,-0.683074,-0.683074,147.947,0,147.947,0,0,0,0
-0.67938,-0.67938,-0.67938,146.968,0,146.968,0,0,0,0
-0.675668,-0.675668,-0.675668,145.987,0,145.987,0,0,0,0
-0.671939,-0.671939,-0.671939,145.003,0,145.003,0,0,0,0
-0.668192,-0.668192,-0.668192,144.02,0,144.02,0,0,0,1
-0.664429,-0.664429,-0.664429,143.035,0,143.035,0,0,0,1
-0.660649,-0.660649,-0.660649,142.051,0,142.051,0,0,0,1
-0.656852,-0.656852,-0.656852,141.069,0,141.069,0,0,0,1
-0.653038,-0.653038,-0.653038,140.087,0,140.087,0,0,0,1
-0.649208,-0.649208,-0.649208,139.107,0,139.107,0,1,1,1
-0.645361,-0.645361,-0.645361,138.131,0,138.131,0,1,1,1
-0.641498,-0.641498,-0.641498,137.157,0,137.157,0,1,1,0
-0.637618,-0.637618,-0.637618,136.187,0,136.187,0,1,1,0
-0.633723,-0.633723,-0.633723,135.221,0,135.221,0,1,1,0
-0.629811,-0.629811,-0.629811,134.26,0,134.26,0,1,1,0
-0.625882,-0.625882,-0.625882,133.304,0,133.304,0,1,1,0
-0.621938,-0.621938,-0.621938,132.352,0,132.352,0,1,1,0
-0.617979,-0.617979,-0.617979,131.406,0,131.406,0,1,1,0
-0.614003,-0.614003,-0.614003,130.467,0,130.467,0,1,1,0
-0.610012,-0.610012,-0.610012,129.532,0,129.532,0,0,0,0
-0.606005,-0.606005,-0.606005,128.605,0,128.605,0,0,0,0
-0.601983,-0.601983,-0.601983,127.684,0,127.684,0,0,0,0
-0.597945,-0.597945,-0.597945,126.768,0,126.768,0,0,0,0
-0.593893,-0.593893,-0.593893,125.859,0,125.859,0,0,0,0
-0.589825,-0.589825,-0.589825,124.957,0,124.957,0,0,0,0
-0.585742,-0.585742,-0.585742,124.059,0,124.059,0,0,0,0
-0.581644,-0.581644,-0.581644,123.169,0,123.169,0,0,0,0
-0.577532,-0.577532,-0.577532,122.284,0,122.284,0,0,0,0
-0.573404,-0.573404,-0.573404,121.405,0,121.405,0,0,0,0
-0.569262,-0.569262,-0.569262,120.53,0,120.53,0,0,0,0
-0.565106,-0.565106,-0.565106,119.66,0,119.66,0,0,0,0
-0.560935,-0.560935,-0.560935,118.794,0,118.794,0,0,0,0
-0.55675,-0.55675,-0.55675,117.932,0,117.932,0,0,0,0
-0.552551,-0.552551,-0.552551,117.072,0,117.072,0,0,0,0
-0.548337,-0.548337,-0.548337,116.215,0,116.215,0,0,0,0
-0.54411,-0.54411,-0.54411,115.359,0,115.359,0,0,0,0
-0.539869,-0.539869,-0.539869,114.504,0,114.504,0,0,0,0
-0.535614,-0.535614,-0.535614,113.65,0,113.65,0,0,0,0
-0.531345,-0.531345,-0.531345,112.794,1e-06,112.794,1e-06,0,0,0
-0.527063,-0.527063,-0.527063,111.937,1e-06,111.937,1e-06,0,0,0
-0.522767,-0.522767,-0.522767,111.078,1e-06,111.078,1e-06,0,0,0
-0.518459,-0.518459,-0.518459,110.215,1e-06,110.215,1e-06,0,0,0
-0.514137,-0.514137,-0.514137,109.348,2e-06,109.348,2e-06,0,0,0
-0.509801,-0.509801,-0.509801,108.476,2e-06,108.476,2e-06,0,0,0
-0.505453,-0.505453,-0.505453,107.599,3e-06,107.599,3e-06,0,0,0
-0.501092,-0.501092,-0.501092,106.715,3e-06,106.715,3e-06,0,0,0
-0.496718,-0.496718,-0.496718,105.824,4e-06,105.824,4e-06,0,0,0
-0.492332,-0.492332,-0.492332,104.926,6e-06,104.926,6e-06,0,0,0
-0.487933,-0.487933,-0.487933,104.02,7e-06,104.02,7e-06,0,0,0
-0.483522,-0.483522,-0.483522,103.104,9e-06,103.104,9e-06,0,0,0
-0.479098,-0.479098,-0.479098,102.181,1.1e-05,102.181,1.1e-05,0,0,0
-0.474662,-0.474662,-0.474662,101.247,1.4e-05,101.247,1.4e-05,0,0,0
-0.470214,-0.470214,-0.470214,100.303,1.8e-05,100.303,1.8e-05,1,1,0
-0.465754,-0.465754,-0.465754,99.35,2.2e-05,99.35,2.2e-05,1,1,0
-0.461282,-0.461282,-0.461282,98.387,2.8e-05,98.387,2.8e-05,1,1,0
-0.456799,-0.456799,-0.456799,97.413,3.4e-05,97.413,3.4e-05,1,1,0
-0.452303,-0.452303,-0.452303,96.43,4.3e-05,96.43,4.3e-05,1,1,0
-0.447797,-0.447797,-0.447797,95.437,5.3e-05,95.437,5.3e-05,1,1,0
-0.443279,-0.443279,-0.443279,94.434,6.6e-05,94.434,6.6e-05,1,1,0
-0.438749,-0.438749,-0.438749,93.421,8.1e-05,93.421,8.1e-05,1,1,0
-0.434208,-0.434208,-0.434208,92.399,0.0001,92.399,0.0001,1,1,0
-0.429657,-0.429657,-0.429657,91.368,0.000123,91.368,0.000123,1,1,0
-0.425094,-0.425094,-0.425094,90.329,0.00015,90.329,0.00015,0,0,0
-0.420521,-0.420521,-0.420521,89.281,0.000184,89.281,0.000184,0,0,0
-0.415937,-0.415937,-0.415937,88.226,0.000224,88.226,0.000224,0,0,0
-0.411342,-0.411342,-0.411342,87.165,0.000273,87.165,0.000273,0,0,0
-0.406737,-0.406737,-0.406737,86.097,0.000331,86.097,0.000331,0,0,0
-0.402121,-0.402121,-0.402121,85.021,0.000401,85.021,0.000401,0,0,0
-0.397495,-0.397495,-0.397495,83.941,0.000485,83.941,0.000485,0,0,0
-0.392859,-0.392859,-0.392859,82.856,0.000585,82.856,0.000585,0,0,0
-0.388213,-0.388213,-0.388213,81.766,0.000704,81.766,0.000704,0,0,0
-0.383557,-0.383557,-0.383557,80.672,0.000845,80.672,0.000845,0,0,0
-0.378892,-0.378892,-0.378892,79.574,0.001012,79.574,0.001012,0,0,0
-0.374217,-0.374217,-0.374217,78.472,0.001209,78.472,0.001209,0,0,0
-0.369532,-0.369532,-0.369532,77.368,0.001441,77.368,0.001441,0,0,0
-0.364838,-0.364838,-0.364838,76.263,0.001713,76.263,0.001713,0,0,0
-0.360134,-0.360134,-0.360134,75.155,0.002033,75.155,0.002033,0,0,0
-0.355421,-0.355421,-0.355421,74.045,0.002406,74.045,0.002406,0,0,0
-0.3507,-0.3507,-0.3507,72.934,0.002842,72.934,0.002842,0,0,0
-0.345969,-0.345969,-0.345969,71.822,0.003348,71.822,0.003348,0,0,0
-0.34123,-0.34123,-0.34123,70.709,0.003936,70.709,0.003936,0,0,0
-0.336481,-0.336481,-0.336481,69.596,0.004615,69.596,0.004615,0,0,0
-0.331725,-0.331725,-0.331725,68.483,0.0054,68.483,0.0054,0,0,0
-0.32696,-0.32696,-0.32696,67.369,0.006304,67.369,0.006304,0,0,0
-0.322186,-0.322186,-0.322186,66.255,0.007341,66.255,0.007341,0,0,0
-0.317404,-0.317404,-0.317404,65.14,0.00853,65.14,0.00853,0,0,0
-0.312615,-0.312615,-0.312615,64.027,0.009887,64.027,0.009887,0,0,0
-0.307817,-0.307817,-0.307817,62.914,0.011435,62.914,0.011435,0,0,0
-0.303011,-0.303011,-0.303011,61.801,0.013193,61.801,0.013193,0,0,0
-0.298198,-0.298198,-0.298198,60.688,0.015187,60.688,0.015187,1,1,0
-0.293377,-0.293377,-0.293377,59.575,0.017442,59.575,0.017442,1,1,0
-0.288549,-0.288549,-0.288549,58.462,0.019984,58.462,0.019984,1,1,0
-0.283713,-0.283713,-0.283713,57.35,0.022845,57.35,0.022845,1,1,0
-0.27887,-0.27887,-0.27887,56.237,0.026053,56.237,0.026053,1,1,0
-0.27402,-0.27402,-0.27402,55.124,0.029644,55.124,0.029644,1,1,0
-0.269163,-0.269163,-0.269163,54.011,0.033651,54.011,0.033651,1,1,0
-0.264299,-0.264299,-0.264299,52.899,0.038111,52.899,0.038111,1,1,0
-0.259428,-0.259428,-0.259428,51.785,0.043061,51.785,0.043061,1,1,0
-0.254551,-0.254551,-0.254551,50.672,0.048542,50.672,0.048542,1,1,0
-0.249667,-0.249667,-0.249667,49.559,0.054593,49.559,0.054593,0,0,0
-0.244777,-0.244777,-0.244777,48.446,0.061256,48.446,0.061256,0,0,0
-0.239881,-0.239881,-0.239881,47.332,0.068572,47.332,0.068572,0,0,0
-0.234979,-0.234979,-0.234979,46.22,0.076583,46.22,0.076583,0,0,0
-0.23007,-0.23007,-0.23007,45.107,0.085332,45.107,0.085332,0,0,0
-0.225156,-0.225156,-0.225156,43.996,0.09486,43.996,0.09486,0,0,0
-0.220236,-0.220236,-0.220236,42.886,0.105206,42.886,0.105206,0,0,0
-0.21531,-0.21531,-0.21531,41.777,0.116409,41.777,0.116409,0,0,0
-0.210379,-0.210379,-0.210379,40.67,0.128506,40.67,0.128506,0,0,0
-0.205443,-0.205443,-0.205443,39.566,0.141531,39.566,0.141531,0,0,0
-0.200501,-0.200501,-0.200501,38.464,0.155513,38.464,0.155513,0,0,0
-0.195554,-0.195554,-0.195554,37.366,0.17048,37.366,0.17048,0,0,0
-0.190603,-0.190603,-0.190603,36.273,0.186454,36.273,0.186454,0,0,0
-0.185646,-0.185646,-0.185646,35.184,0.203449,35.184,0.203449,0,0,0
-0.180685,-0.180685,-0.180685,34.102,0.221479,34.102,0.221479,0,0,0
-0.175719,-0.175719,-0.175719,33.026,0.240546,33.026,0.240546,0,0,0
-0.170748,-0.170748,-0.170748,31.958,0.260647,31.958,0.260647,0,0,0
-0.165773,-0.165773,-0.165773,30.899,0.281772,30.899,0.281772,0,0,0
-0.160794,-0.160794,-0.160794,29.847,0.303901,29.847,0.303901,0,0,0
-0.155811,-0.155811,-0.155811,28.807,0.327006,28.807,0.327006,0,0,0
-0.150824,-0.150824,-0.150824,27.777,0.35105,27.777,0.35105,0,0,0
-0.145833,-0.145833,-0.145833,26.758,0.375987,26.758,0.375987,0,0,0
-0.140839,-0.140839,-0.140839,25.751,0.40176,25.751,0.40176,0,0,0
-0.135841,-0.135841,-0.135841,24.758,0.428301,24.758,0.428301,0,0,0
-0.130839,-0.130839,-0.130839,23.778,0.455535,23.778,0.455535,0,0,0
-0.125834,-0.125834,-0.125834,22.811,0.483375,22.811,0.483375,0,0,0
-0.120826,-0.120826,-0.120826,21.859,0.511725,21.859,0.511725,0,0,0
-0.115814,-0.115814,-0.115814,20.922,0.540478,20.922,0.540478,1,1,0
-0.1108,-0.1108,-0.1108,19.999,0.569521,19.999,0.569521,1,1,0
-0.105783,-0.105783,-0.105783,19.091,0.59873,19.091,0.59873,1,1,0
-0.100763,-0.100763,-0.100763,18.199,0.627974,18.199,0.627974,1,1,0
-0.095741,-0.095741,-0.095741,17.322,0.657117,17.322,0.657117,1,1,0
-0.090716,-0.090716,-0.090716,16.458,0.686014,16.458,0.686014,1,1,0
-0.085689,-0.085689,-0.085689,15.61,0.714518,15.61,0.714518,1,1,0
-0.08066,-0.08066,-0.08066,14.775,0.742477,14.775,0.742477,1,1,0
-0.075629,-0.075629,-0.075629,13.956,0.769737,13.956,0.769737,1,1,0
-0.070596,-0.070596,-0.070596,13.149,0.796144,13.149,0.796144,1,1,0
-0.065561,-0.065561,-0.065561,12.354,0.821543,12.354,0.821543,0,0,0
-0.060524,-0.060524,-0.060524,11.571,0.845783,11.571,0.845783,0,0,0
-0.055486,-0.055486,-0.055486,10.799,0.868715,10.799,0.868715,0,0,0
-0.050446,-0.050446,-0.050446,10.036,0.890196,10.036,0.890196,0,0,0
-0.045405,-0.045405,-0.045405,9.285,0.910088,9.285,0.910088,0,0,0
-0.040363,-0.040363,-0.040363,8.541,0.928262,8.541,0.928262,0,0,0
-0.03532,-0.03532,-0.03532,7.804,0.9446,7.804,0.9446,0,0,0
-0.030276,-0.030276,-0.030276,7.073,0.958992,7.073,0.958992,0,0,0
-0.025231,-0.025231,-0.025231,6.349,0.97134,6.349,0.97134,0,0,0
-0.020186,-0.020186,-0.020186,5.627,0.981562,5.627,0.981562,0,0,0
-0.01514,-0.01514,-0.01514,4.909,0.989586,4.909,0.989586,0,0,0
-0.010093,-0.010093,-0.010093,4.193,0.995358,4.193,0.995358,0,0,0
-0.005047,-0.005047,-0.005047,3.479,0.998838,3.479,0.998838,0,0,0
